4986348,55.036728,-1.454014
3162510,34.027535,-116.144971
1587830,45.962222,-66.653334
3018679,17.060533,-96.724909
4055259,46.656152,-60.465316
2822605,53.871833,10.754333
4177832,32.713319,-117.228455
4809380,51.755143,-1.258106
4287328,41.590483,-83.609996
1102039,46.590956,7.970696
1474588,43.081364,-88.354883
794657,31.3092,120.613121
393620,-1.27537,29.772841
3680264,38.284667,-79.8215
3541729,53.281893,-6.126422
1139102,62.239991,25.745301
4029234,37.390473,-122.077052
3907911,38.312627,-77.467367
3877629,52.546024,-1.880155
4395106,32.847833,-97.077334
1450766,36.174378,-115.14543
180494,40.668041,-73.963909
1358860,15.59305,120.739067
3605702,56.33578,8.628319
1980818,51.536138,-0.103168
3762493,47.65054,-122.348878
4311309,40.444803,-3.731843
1638381,43.109411,12.38952
4056649,45.554328,-75.874671
2277409,-20.385423,-43.502941
3982029,51.496747,-0.175502
598922,52.270626,4.545722
445026,52.517369,13.398084
2821848,37.735969,-25.444335
2954972,49.383602,0.046176
1020622,37.744657,-119.571075
2606216,-24.753067,31.586723
131123,-20.925207,167.108917
972957,-12.559422,-41.397686
2102062,43.259997,-2.923903
1770437,-33.753514,151.103703
3184670,40.782994,-73.958909
1548605,55.536388,-1.706167
1372665,26.872698,100.235309
2242161,38.326788,140.852872
3141621,40.729893,24.759407
3247683,61.386285,5.424247
1892598,40.420299,-3.70577
2694306,32.306286,-64.770927
4808652,-24.787591,-65.411911
4391005,51.495402,-2.139799
3509199,42.327077,-83.0478
3597125,44.764191,-85.632573
4212864,-22.768861,-41.91091
240101,5.561315,95.361328
3007158,40.71193,-74.012824
2398764,59.89307,29.882812
326300,46.551305,-1.793518
3066206,33.437762,-111.943409
2666882,51.578,0.03
2523303,38.695575,-9.20812
2400947,39.097386,-94.579909
4272750,29.203569,-81.039398
3459948,45.340067,-71.849334
1046588,33.143085,-117.323781
316400,41.243546,-75.94737
3136258,52.010567,4.360139
727512,38.553535,-28.441972
2749345,39.99983,-0.03847
1536517,47.441347,-122.298997
3182544,46.411351,9.869413
2389823,57.492778,-6.153738
2300144,51.427577,-0.981044
4530581,53.959797,-1.08506
4223704,39.623833,-79.963667
3806133,51.523854,-0.158336
2359645,38.404576,-82.40147
747282,55.70282,12.560827
4112866,38.071201,-122.891502
2545575,39.992278,116.388881
960635,47.650905,2.001743
1352916,28.228217,-16.862769
2413140,34.699031,-118.161598
2581005,36.153018,-81.691918
4182049,9.246129,-71.1641
4349905,43.350405,3.213533
758243,45.506836,-122.429468
4504309,-33.847037,151.171875
3789255,45.511016,-122.615135
2918245,46.346957,-72.576262
3344563,47.103725,-119.985036
3797278,44.530666,-89.573334
3406300,32.258833,-64.822667
3490305,55.655854,37.468839
2739943,51.829341,4.353127
1229174,35.671356,139.703307
4443450,63.013878,30.226135
1562199,49.73104,13.374803
2392564,-43.522445,172.617809
2269500,-37.996703,-57.561492
110687,-28.110312,32.099038
4126354,59.875155,-161.742095
3405867,45.666935,12.247824
4069477,43.171946,16.442756
2516664,21.576197,-158.114547
725023,78.21723,15.631713
3165479,51.500528,-0.126176
1948617,41.419748,2.222875
3293215,48.891983,2.238263
3177994,45.048603,-87.251272
2827833,52.505806,13.335921
344076,37.662166,-122.082167
3384225,47.377516,0.723166
4826362,-34.502029,150.809326
3555998,43.370741,-8.3957
1070515,24.797857,120.98653
778569,43.133562,17.111892
4997384,45.516211,-122.870407
1040327,34.843703,-82.407717
4620694,31.625175,-7.998733
1546444,9.050607,97.815999
3530735,39.804827,3.116598
3653573,48.771916,-113.691072
1085441,42.561228,12.64698
2396712,44.229295,-76.49071
2265317,44.498378,11.34635
2597135,25.067998,121.621026
4731224,45.053183,13.893461
4448384,48.835797,19.138183
1316262,42.684328,0.764236
868827,34.883642,-76.906142
2671222,60.48224,-1.628293
2385177,44.838099,-0.576889
4089321,48.369479,15.572347
1689256,35.43305,133.253173
3668179,34.839308,134.692897
932954,37.144377,-88.71666
1266604,55.388301,10.394021
3705288,39.74125,-104.949388
3349420,35.221905,140.027425
2074632,40.655313,-4.698715
4611791,39.977284,-75.336728
1630361,39.489,-76.674334
1430862,35.68584,139.758667
4733232,41.789249,-87.592888
3528834,50.228378,12.86495
2260137,51.6635,-0.458834
4404280,37.90282,-122.318419
4514355,-32.190722,-61.718101
3052097,42.878499,-78.872051
913346,38.642644,34.831181
3066289,53.054421,158.66455
2994630,-31.88813,138.420394
4837701,55.973873,12.021508
874770,51.275716,0.103082
5009770,37.764438,-122.428658
3694305,-22.951755,-43.165958
3971179,40.769629,-73.918215
249527,40.261333,-122.051333
3662144,41.567538,2.016887
2680159,51.515205,-0.142006
4290944,52.402386,13.052857
2511371,38.727572,-9.150924
3068478,35.781857,-78.825863
3561434,51.563145,-0.119862
2048379,38.959394,-95.265484
62804,51.217384,4.423456
3367919,41.508368,2.112829
4274564,52.258449,12.92745
63286,40.897339,16.841955
2156867,48.873832,2.295091
2753456,30.527242,119.71527
3778290,33.791631,-84.37412
1950422,39.414247,-9.139294
2306751,35.779154,-78.63968
4931582,29.98163,31.133094
4797680,-38.646462,143.07073
1200515,44.902777,-68.816666
2479521,44.806198,6.698226
4308217,22.300968,114.229327
538211,35.661532,139.729539
4686922,-27.879749,152.016448
4153503,37.504926,15.085795
4566124,51.485191,-0.154666
1437752,37.610049,-122.423186
1319009,47.493833,-121.726667
1681580,34.159572,-118.310008
3000605,59.913162,10.739629
4387151,35.005217,135.767347
2197800,41.8492,12.737166
2903775,6.832565,79.903349
3451535,48.860282,2.326612
530127,41.871382,-88.341096
1412169,18.388775,-65.960712
4733942,51.595297,-1.247042
4578183,6.935969,79.856185
2266948,37.770443,-122.447004
442609,52.974694,-9.423522
4843779,0.067291,36.872863
983594,39.370483,16.234419
787527,35.702383,139.745458
3298577,37.546789,-121.976222
349006,44.46186,-73.212264
2970031,51.154262,-2.588481
3383486,40.444652,-79.943435
2687904,58.525459,-134.793579
3142575,57.444025,40.614738
1520189,43.507927,16.437091
3914638,36.787291,10.189819
4022196,35.815333,-106.319
426437,27.817038,-80.5026
4593266,48.359385,11.784381
3330983,40.837531,-73.130815
2621433,31.548843,-110.24806
4907572,-33.919059,18.42196
4026004,50.060844,19.939649
4522631,42.993104,-71.462963
323676,37.740563,-105.521028
1412548,40.770698,-73.960658
3831229,43.891343,10.924202
3236682,39.995698,-83.00776
3866806,39.417289,-77.410397
3560294,-6.899842,107.614517
4010172,51.109614,17.035202
3510626,-7.939725,112.933273
1714461,57.490737,-4.225616
1930110,42.527243,-70.886278
527671,35.146121,-101.85917
2149781,47.55391,8.224554
1131651,28.4665,-16.269866
339851,43.673365,-79.380898
2423878,35.279666,139.662333
896201,52.542,5.103833
3121252,39.649294,-78.763421
3548334,37.8375,-122.266334
4168915,34.244233,-118.626422
3661914,-33.602834,151.133833
4678703,43.321743,11.325016
3179014,36.935357,-111.485754
641862,48.872255,2.34484
883899,52.325651,-1.557397
1528073,52.417811,-4.062409
1711441,45.182831,0.605449
1452708,51.306633,-0.248308
2873291,54.455947,-1.463756
2867406,32.530605,-117.020273
4940629,43.602777,1.44144
4695213,51.54145,0.696687
4195530,-33.899896,151.270108
2784022,40.711581,-89.432873
1036416,50.540353,-4.937753
3174572,38.020779,-119.140205
1816807,40.743538,-73.983428
1728729,42.169816,-71.045703
2734761,-33.857479,151.212215
3119217,38.470793,14.954967
1923127,29.573223,106.553095
4723203,54.773978,-1.5768
124905,34.874445,-83.810963
311600,27.763803,-15.597002
4257008,42.75311,13.872663
3594167,50.672284,-120.366296
3694693,50.11597,-122.95077
254504,45.523192,-73.583802
3176812,36.077232,-86.77175
3119515,42.290095,-71.40978
1081803,40.75729,-73.972095
2758751,39.483723,-87.326803
125268,-42.623854,-64.627075
3655125,40.023408,4.113006
1164995,60.524227,8.230905
2552051,38.062207,23.807963
4343013,-3.086522,37.359867
2673859,34.160131,-118.388714
3024778,51.960861,7.623696
3105803,24.723132,121.796493
3010509,44.802086,10.328198
3807612,51.964226,5.905998
4605972,-39.279098,-72.222297
3159300,52.249375,21.010966
1982418,26.6165,29.8467
3268605,33.837894,-118.387787
2923616,50.447229,16.378211
3493822,40.561058,14.260253
4758782,36.112474,-115.174226
3030995,51.532775,-0.047378
4470469,70.0374,26.3553
2926514,45.33281,9.494547
5009623,25.075648,-77.3283
2584676,32.505563,-93.719172
3670129,-34.005678,19.009483
3055615,41.131219,-96.194572
4588623,43.059168,141.341171
4212810,14.042504,99.502401
2845045,51.148459,7.756202
1093231,36.02515,127.25438
3313678,50.081582,8.238512
628477,51.082,-0.1605
1917259,-25.432127,-49.273681
3441034,44.730363,-124.052596
3630846,53.380416,-1.472246
2514381,30.54932,-97.63153
1413292,39.741,-75.553
3387577,37.953952,-121.29271
4446942,37.78141,-122.4717
2281139,1.057374,104.617309
4886971,52.898231,-2.156163
391427,47.798252,18.739124
3026991,51.574189,-0.777111
3277594,-36.849151,174.76244
2271734,32.833301,35.25
2600876,49.184017,15.454271
4385354,50.592286,7.243027
2811184,39.270105,23.166217
3450301,42.357846,8.977804
2732279,33.240724,130.500012
3282044,45.48902,9.126291
4882961,64.853679,-147.81126
4649254,35.912801,-79.056876
4538476,55.0175,8.439166
1698321,41.066345,-73.838596
3051095,35.807147,-78.712914
1591521,19.324409,-103.758058
3774817,43.619083,-84.17437
3882023,51.418586,-0.358343
1683406,35.470683,-86.051187
413634,34.932736,-114.164517
2650509,51.028413,4.480233
166017,-41.280418,174.768635
3278855,42.350171,-71.130359
737511,42.301833,-83.235683
2614260,45.785138,3.076858
115812,42.839723,-3.468933
3111198,38.7502,-106.242427
180298,22.751972,120.317031
3518641,42.063072,-1.607801
3067938,51.91722,-2.064142
1884635,23.496241,120.453333
1090309,42.127129,75.815792
3088405,59.164215,18.132715
3822952,52.513564,13.473256
4043019,48.832229,2.287344
937896,35.013468,-80.851857
4630649,37.790251,-122.44812
2521367,41.853124,-74.091264
3969578,-0.297745,73.430557
3392299,40.744068,-73.842887
2280745,46.328439,0.817451
4838731,40.016166,-105.277167
8381,49.267062,-123.252182
1774973,35.651,140.042666
2830164,43.293075,6.606216
4834005,27.102532,77.671966
4512958,41.613051,-93.629651
1552696,29.214507,110.610351
656237,37.54448,-77.453055
2269683,4.168407,73.497333
1401066,34.142683,-94.695995
2941938,59.186586,10.256788
1548339,56.004428,-3.798694
2093148,33.257637,-111.877298
99205,34.675499,135.499706
4858334,52.132829,-106.656303
1385667,-44.98532,168.669319
2841061,53.805694,-3.044543
3277948,-34.168777,-70.741653
1189960,-35.287771,149.12703
2412274,40.261205,-76.772847
2494514,42.500401,-90.666035
3298192,38.890815,-77.026573
4876320,38.601402,-121.427142
4516906,22.369452,114.108038
3412281,45.561199,-73.554565
568392,55.978498,-3.600168
4186660,37.865513,-122.482528
1617349,52.053334,-2.422485
2017205,33.345919,-118.327347
1857742,13.690555,100.754166
2129400,52.522697,-7.890243
2998806,-8.748008,115.174827
1913043,42.168962,0.238705
2103138,41.287771,2.067103
3096979,37.794333,-122.394167
1810659,53.80065,9.755859
496208,-12.441773,130.846824
3867754,37.815509,128.708326
1540405,45.6186,9.289627
4652880,47.613772,-122.352161
1795538,38.879006,-77.110397
249292,41.903426,12.496111
211675,44.317523,12.186101
1382874,51.477438,-0.610295
4767977,40.207303,-8.427528
844483,51.897111,-8.475458
4174560,14.604816,120.977915
3286043,34.040142,-118.270246
1247272,39.461709,-8.197302
1908700,42.056121,-88.044601
1032132,48.873268,2.330571
1306507,48.823423,2.338457
3347137,1.282808,103.843927
3326336,51.541477,-0.015835
1065231,42.816927,-1.642842
4929565,31.618833,65.703163
4006393,59.403603,5.278383
819347,40.803333,-77.857778
4551218,6.751385,73.150405
1419566,-8.163915,115.020503
4431807,37.719812,-119.66566
1315278,38.929502,-120.008811
3457164,41.725717,44.775981
4941198,33.764666,-118.188667
2298132,48.871024,2.778834
4804783,8.96492,-79.536621
463251,37.322819,-122.037539
1180199,51.504326,-0.018363
4915658,22.621738,120.275669
2547696,51.362563,1.027393
3405843,49.794598,9.92811
3785209,-38.150943,176.263403
2860277,48.855129,2.312557
1730091,50.112405,8.679907
4731095,13.032691,80.240527
1072745,47.625603,-122.335342
3080271,-25.246667,27.094166
754558,18.047572,120.564941
1125030,42.361429,-71.087315
4359259,46.78456,-92.09208
2719873,14.532666,-17.068166
704354,51.065494,-1.312631
3387905,42.459528,-71.347789
3133950,25.307407,83.003253
4467915,32.38344,-99.748992
2179404,58.554049,23.547799
3858538,44.44818,26.088838
4991345,44.79755,-73.137193
550573,40.452168,-3.690002
2017915,45.566775,8.086205
778559,41.705728,15.727958
1220765,52.38715,4.87007
3616951,42.345873,-71.043584
2167816,40.656875,14.603576
2322545,38.570347,-7.905521
1731834,34.759595,-92.318115
2196815,39.998163,3.843154
4452770,46.869023,-113.996393
1556191,44.148166,-71.366834
4722782,16.80389,96.154693
2347577,42.65207,-71.334507
2464693,63.12364,13.809185
1545217,27.859718,86.728134
2211980,47.332333,7.906167
4488691,50.919536,14.139613
4069503,52.605862,-0.371475
1644501,49.375833,10.179167
3003071,41.417062,-82.637658
4456665,44.633512,33.956229
2069554,29.50975,79.636153
3269175,56.50898,-5.836658
1970366,41.938224,-71.955395
282852,25.042614,121.521577
1811953,39.95755,-105.687274
3941138,-23.534441,-46.6334
3960226,50.936607,4.035018
2027492,-12.26914,-70.912284
3289186,48.80528,2.118816
4153672,51.479792,-3.181207
1734708,32.179608,-104.443845
3599305,49.018508,-123.155536
3104948,34.683616,135.837364
152304,44.071152,2.096436
3733616,40.74976,-73.967803
4623790,-34.432929,-59.125328
3975150,56.058954,-2.70828
2777318,-33.763187,150.8035
2006016,34.013894,-118.497247
4672878,36.095599,140.097265
4684441,34.11055,-118.191918
1893977,37.5265,126.9795
1572937,39.998985,116.269941
3583741,34.128347,-118.263766
4278345,52.926472,1.179313
4686318,43.380333,-4.101076
1251934,45.31045,-75.841541
4657181,40.641442,-111.507625
4170707,45.566,-122.660167
3817503,39.021317,125.750198
2745334,38.010639,12.58395
1626363,39.228463,9.110927
1905694,63.104194,22.290143
3605135,52.059245,1.153929
1683384,13.762989,100.54563
806434,25.706062,91.975143
3547722,40.114116,140.88605
2996694,-0.272082,34.36429
2909654,37.404281,-5.707676
1647369,-37.818001,144.893
3853499,52.57986,-2.131444
442432,47.70205,12.187786
3457236,50.793647,11.558089
4726050,34.053521,-118.244605
1626205,46.984366,28.861213
563978,35.320557,-120.744123
590394,50.776255,6.081275
4443577,49.065217,2.059405
191958,39.781666,-89.650167
3962807,36.01356,-5.625686
3048559,43.074733,-89.388648
122911,46.615156,14.252357
797643,51.514918,-0.205264
49698,51.905386,4.484481
3698932,-23.360889,-44.888607
434167,12.350734,-7.852478
2930263,47.622537,-122.353019
1752065,21.277697,-157.82695
3436172,50.648644,-2.381672
3858727,38.035627,-84.505033
4921554,-23.560014,-46.65606
4642069,9.524745,77.223415
2230035,43.501873,-1.484527
4819078,51.50989,-0.135183
3496021,43.40195,12.97144
3196439,41.978953,-87.89895
534634,52.762947,13.225524
3076044,51.065166,-1.798475
4164175,15.029685,120.498046
1270702,38.826833,-77.309834
4808621,44.10749,9.730059
4417400,49.611154,6.128311
4254020,54.058858,-2.144372
94408,40.314744,-114.746532
3486478,44.645803,10.925956
1923298,33.52596,-117.14941
3883554,49.970545,7.899427
660942,-33.726458,22.408287
934168,28.03225,-81.948952
3684871,4.537313,101.105011
253593,47.173338,8.772544
3462086,49.69645,-123.170814
2989629,1.355826,103.958816
4355092,31.097819,-5.843325
4345949,37.270799,-76.709155
2339053,41.888988,-87.643432
1021098,48.852905,2.369935
2831729,54.165549,-4.516067
4653321,23.858837,120.911579
878675,7.929184,-80.409879
59929,43.650523,-79.360127
490395,25.015928,121.530761
2442211,37.748746,-25.67022
4112968,33.099019,-117.001433
3973075,35.962107,-78.350211
1199998,21.372523,-157.946147
2892808,37.095306,-3.379325
4919791,19.466592,-96.836242
179919,55.677148,12.570333
4907167,34.683216,138.94186
1768768,66.073356,13.716087
939152,50.086308,14.411401
4935492,54.410052,18.617985
4597990,52.377665,9.726607
1647145,-13.517003,-71.98122
3400021,49.120783,6.173936
4271514,40.96014,-74.169555
601819,38.70839,-9.137127
811103,53.243235,-2.230567
3407798,-29.7735,30.583333
192606,16.740646,-92.63625
3014854,34.021186,-118.397812
3939518,43.655266,-79.399287
959748,-33.035146,-71.60408
3436499,25.041913,121.545326
4501605,60.101567,19.943146
626652,34.061314,-118.308739
4460559,34.535333,69.1755
3147937,38.985416,-3.92434
1237276,46.947918,7.44775
80124,34.395012,134.045004
1120196,37.000984,-86.430553
2684109,47.999341,-90.483248
3708483,35.7951,116.08025
4565073,-16.395298,-71.532675
2009222,37.059312,-76.406344
1594854,53.478102,-2.244673
3109334,25.042604,121.506643
660513,50.803613,21.425141
1319697,51.091582,-4.222354
1892754,56.173582,15.043351
1474695,12.220407,-69.074649
4162254,28.369954,-81.549711
692694,-54.789601,-68.291702
4062652,50.847058,4.35183
3046962,28.10824,-15.453354
2097309,36.516237,-82.257036
1610903,52.356312,4.855899
4215184,43.656252,-79.380705
1282784,40.729166,-73.990834
804808,51.651897,-120.039453
2977450,37.778923,-122.391133
1192032,32.319778,-90.192614
105285,30.456365,-84.266807
2376428,53.605951,-9.788818
4246673,50.059866,19.922418
2769933,-6.627095,39.241104
2789568,52.399721,4.590826
1739360,-37.740313,145.134887
1447772,49.235422,20.01666
2847754,47.252667,-122.451333
442307,51.506278,-0.088791
3635529,49.830314,-119.367313
4650319,51.504909,-0.079457
4358404,10.489837,-66.921844
1912372,37.828726,-122.482141
4877457,37.176321,-3.603858
353219,25.024299,121.54699
2504729,40.73199,-73.983918
859664,-22.976667,-43.207167
3976623,51.540463,-0.146094
1501115,32.424963,-81.784071
910710,22.278727,114.1624
4023290,36.219323,-105.935389
1622770,-33.870558,151.210327
2712545,-17.859989,25.848598
4801899,14.547015,121.015745
856156,19.048001,-98.209877
1364095,-5.076252,119.547475
778588,36.14439,-5.353775
1191406,21.332333,-157.919411
791209,49.641042,10.223894
1262151,55.604647,13.009319
3357597,30.267599,-97.74298
4939880,45.373855,-121.698646
2112738,37.599038,22.800021
1549769,18.39245,-77.83094
3710933,5.436728,100.309349
2549898,52.302861,8.040044
2581106,34.075998,-118.372106
4751542,48.858291,2.294468
1594329,60.78464,4.928741
2078736,36.757891,-119.801214
1120716,28.631296,-106.098916
3078464,-34.036629,151.061287
2999519,-8.498094,115.284261
1179843,47.629594,-122.361087
2080932,49.359567,-123.108698
4228391,40.342946,-74.657807
4575507,32.731412,-117.149319
2378305,42.278388,-83.741824
1586455,47.598936,-52.749556
1137180,22.52,114.035586
2119602,32.782769,-117.10473
2418336,1.258863,103.81741
3818909,65.343787,-17.247505
3295571,43.353144,-1.694641
3919227,37.626166,127.061833
2270308,52.231656,6.055451
584061,37.566281,126.985163
2580644,51.922828,4.478449
1226810,-36.721915,144.306764
116496,43.542575,-5.66026
3722123,46.592608,125.14904
196527,-15.796775,-47.908877
3875399,32.223003,-110.973393
2777021,25.170921,121.438568
1711788,38.93047,-77.051496
558871,48.682177,6.174831
3219456,35.300582,-88.638607
1893467,-20.472048,-41.432189
4249674,55.667516,12.589645
423468,42.056733,-87.769625
4454608,55.864005,-4.221839
1633328,55.733211,-3.974733
1330185,38.943389,-6.361083
4297306,41.889539,-87.625011
1483273,27.871251,34.26979
4110775,55.951218,-3.177108
4051891,42.368595,-71.063711
4772302,23.679114,69.595041
348369,43.05144,-2.171602
4306812,43.882304,6.156935
697102,40.731364,-74.000397
722044,-37.786499,144.978668
3653722,35.998651,-78.91507
1312969,22.074663,-159.500026
3210227,52.377013,4.900642
1951225,37.805172,-122.428293
2930867,41.352666,-110.908667
2134790,10.468737,-66.100273
4963745,47.62838,-122.706298
4590781,33.451166,126.558
2442807,45.609433,8.818212
1759364,5.885247,102.742595
3925057,41.893404,12.482686
4920653,-37.874243,145.394611
3137496,44.86761,-93.215389
3801783,36.437304,140.408706
658198,61.050356,25.145752
4995017,37.043771,-7.979807
1538560,41.258129,0.93255
680428,38.1143,13.364696
523725,7.022868,80.768737
1341138,36.094165,-95.917831
464688,42.923477,-118.883023
2576768,43.658433,142.840805
2949880,48.893234,2.384313
2995269,53.208294,7.18111
608458,46.517059,4.676742
2317941,49.380325,2.968283
2024082,50.52467,8.57546
4287553,38.889696,-77.019331
4224722,51.223725,3.788777
622734,43.615611,-116.206528
1624584,60.116168,6.560349
2699048,40.938544,9.068183
4641694,57.094655,-3.650909
2720885,11.961242,121.925926
672976,53.545497,9.96417
151936,39.916895,116.390259
1128080,39.929167,116.449833
2359600,37.772919,-122.410097
827521,50.359808,-4.741523
2666719,52.376791,-2.309274
1430415,45.650955,13.771458
4292553,-45.864602,170.514442
1962653,36.759,-3.870167
1415726,47.57971,-122.29813
2805909,3.071095,101.557788
4915627,42.628059,12.11483
2909992,42.057667,-87.679497
3233948,37.445574,-79.173552
1956045,50.299383,2.777017
1309504,38.889362,-77.036894
3772851,42.267365,-71.800053
4171860,1.3111,103.8029
4410520,42.362864,-83.067793
2912924,51.467148,-0.188387
2246872,45.484928,-75.465236
1661511,42.617807,25.399789
2183838,48.857154,2.362989
4614276,49.253233,4.032622
1492967,-33.792986,151.287403
2945097,43.079985,-77.676622
1258777,48.395188,-122.586307
996569,10.098163,-69.056797
1894941,48.862117,2.288589
3271870,21.653559,-158.038587
1312132,5.865789,116.194107
3703356,36.730079,-117.108764
3234029,39.745647,20.045363
198762,40.726413,-73.982684
2650854,43.697727,-79.654483
4311331,24.035392,32.885813
16378,22.996876,120.203046
4987826,35.400835,-99.405281
1368199,49.226,-123.114834
1811680,38.026053,-87.539051
3310390,52.892884,-1.448521
582456,41.902272,12.478216
4219395,51.737766,-2.464027
4997200,39.746946,-104.996874
3616975,37.826802,-122.422842
2318610,46.311011,10.759048
3389209,51.519238,-0.117974
4474795,52.228588,21.012961
2717470,-36.983906,174.740295
270043,46.819126,17.855143
158107,23.989301,121.593643
4768028,43.741049,7.428474
391179,28.360508,-111.458412
1585865,40.607435,-75.491426
2748538,51.745585,-1.230645
4145210,46.244599,-63.117184
2335163,35.154722,136.911621
4950180,49.649903,22.556176
3479014,39.093098,112.228667
4894999,44.445002,-72.652587
3765911,30.465616,-89.072599
3112147,38.916785,-94.667199
786401,50.02718,19.203285
2587254,39.326558,-77.73709
4775859,12.570899,99.952239
4619009,37.40916,-5.996426
2920660,3.241832,101.686964
2828745,42.339652,-83.045697
3922347,41.482024,-71.329252
616112,-23.572916,-46.700263
2682874,47.2744,12.770883
299207,42.333419,-7.863475
3877903,25.306243,51.513519
4907353,42.328497,13.479301
3807517,18.561238,-72.323684
689082,61.194331,-149.833323
1360411,50.869867,-0.73235
659554,33.873678,-117.210643
4022253,50.974859,11.023406
578188,40.701967,-74.016051
3705051,31.3185,35.354333
4561987,39.474762,-106.073684
3850792,43.355375,-5.848159
727268,32.057627,118.782377
116674,38.885319,121.586166
4218419,40.664549,-73.996646
980133,56.128951,-3.937997
1273998,51.772088,19.452667
1138808,37.542382,-122.298388
1444352,40.574749,-73.979141
880626,43.151504,-77.588721
1393846,-6.241052,106.813287
2539787,40.42963,-86.9032
1475151,39.285751,-76.612343
3920069,10.595432,-83.530666
563311,35.910827,14.469805
3650162,25.081067,121.563521
453340,39.485991,-84.038854
4915876,51.207031,-3.474898
197601,43.466547,-80.528776
3644801,-20.343741,-40.312614
3402201,41.358667,13.150833
1781991,43.900984,4.745063
3033215,52.270333,10.533333
94563,20.237113,-98.562705
1987073,33.958364,-83.379857
1693255,37.69,-121.871666
4275984,60.802419,11.093788
1253713,40.7525,-73.977167
2297923,32.382516,-86.310541
3588527,32.680061,-117.177997
28096,-27.471743,153.024551
565765,40.508656,-74.413694
2133797,-19.925424,-43.937587
1008114,53.565333,9.962333
3010870,48.771673,2.507495
4180341,37.797585,-122.406084
2942574,46.418689,23.972339
1789164,47.634665,19.357037
4694283,51.594348,-0.130934
4874832,47.043011,-122.90166
1978472,22.760986,-102.546386
4420163,31.199881,121.599082
378223,42.669166,11.454166
1984787,34.909988,-109.806793
4135208,38.767836,-9.094576
727082,35.173668,-5.266056
4384951,49.594189,-125.363788
3876604,12.131977,76.290435
2781929,48.54209,-2.724308
993726,34.815705,135.658493
2196424,40.420845,-3.685997
2442102,44.046479,-123.079173
4464996,58.375718,26.711108
1534175,44.680333,-74.987167
198600,39.918459,116.299724
1599083,40.873333,-124.086834
3980837,52.643379,4.732983
1874361,42.235984,-88.318107
4998126,43.632798,-79.41744
938090,41.702492,-86.239854
1425383,35.713067,139.800167
2241929,55.873141,-4.289083
4474694,48.304114,14.288084
1155178,50.87898,4.70438
4220820,35.303918,24.845581
1480004,43.999833,8.057
254250,45.684597,-122.678843
1221644,45.032076,7.636345
1298268,37.732694,-122.500702
3867143,48.37033,10.89789
2818254,-31.959954,115.844135
940448,40.723436,-74.004583
2713395,55.632259,-5.390167
3188668,34.04857,-118.254432
4712000,52.784077,6.890144
1134795,48.108849,-1.679813
4911259,42.732072,-84.550824
2736595,37.39164,25.268726
3438508,53.55159,9.997923
2900001,60.14488,24.986901
934055,48.815516,14.309333
1951264,60.44998,22.272419
4366589,49.255481,7.040305
3728255,-37.552382,-61.852752
3545457,47.517316,19.075355
4442884,38.005167,27.191
1053841,12.921113,101.008483
1688703,59.437896,24.747154
1634373,43.268288,-2.937823
484754,14.966386,102.071313
209689,52.525016,13.390333
628896,13.86533,-89.184265
1061273,52.032858,-0.782225
2017730,41.980046,-87.660137
360407,55.748583,-4.855359
1015747,47.26935,11.398379
150025,52.207817,0.121278
4248355,38.585729,-90.466425
3555693,51.339788,12.375401
1610374,33.648,-111.932167
1968209,35.36133,-119.025206
823533,42.98608,-81.250595
2527711,23.712595,90.401859
1884410,28.61068,-81.208008
3897515,55.86708,26.513
4401246,-27.223595,153.023436
1005663,50.991609,-1.282567
4484541,51.52602,-0.079801
4925938,41.582919,-87.508362
805314,44.86434,1.366317
4034777,48.44666,1.484613
2523248,41.16848,-74.902267
1158209,41.57107,2.279512
2655302,-33.886662,151.209211
2852028,45.476864,-76.692337
243443,42.496398,-87.956939
766058,43.789177,125.447188
1767615,13.506821,144.798388
732180,58.870651,-3.390226
1753828,32.785957,-96.795317
4470896,45.185575,9.153757
4882650,33.498119,-86.795684
393312,51.076706,13.751222
1962655,22.667422,120.30335
264518,42.87346,-8.554514
3547095,51.507193,-0.127544
4555181,51.486063,11.966083
1085525,43.750032,-79.418063
2516463,40.71455,-74.007118
4169802,59.859644,17.636297
4025414,52.361423,4.885568
278065,40.758862,-73.957257
1391519,13.745403,100.491825
1131266,44.817828,20.453453
2024247,42.148812,-72.610434
1989199,51.459889,0.251569
2129856,40.863979,-73.878486
3252140,33.357228,-111.790389
2302112,30.420839,-87.217239
3961128,56.134203,36.628782
2826857,18.534955,73.850097
1424732,53.0408,-1.887524
3608763,-19.467401,-44.247779
196742,-35.172821,150.59006
1943018,27.773443,-82.622873
4145343,35.138133,-90.00586
3457748,40.743322,-74.198226
2087019,40.374666,-105.649166
654782,47.886218,-3.908085
687580,41.308198,-72.930845
2281967,-22.512556,15.996093
1030085,38.872959,1.404404
491991,23.13696,-82.360382
3506371,53.188139,5.81696
2725224,38.897429,-76.963461
225446,41.457153,-70.556189
1176065,48.651567,-2.023823
4889031,39.956833,-75.1865
2119454,26.224446,119.893798
3570617,29.733526,-84.995598
987250,40.689278,-74.044557
2662735,54.970274,-1.613832
565207,59.686222,30.451419
2179479,41.147767,-8.613281
958869,54.409664,-2.977037
3160710,10.958719,-63.877258
995397,52.117574,-1.318016
4109579,35.628452,139.794358
3301838,42.344364,-71.170806
2622251,40.758927,-73.979079
4243948,25.088591,121.82619
3173324,48.829469,2.411069
4756322,-22.879654,-44.246406
3343082,66.687783,-49.921875
3718609,52.866435,-118.072471
2770078,-7.690668,-76.162719
475617,42.773227,-83.388118
3183326,41.583847,-81.345939
745561,24.95439,121.550502
206926,25.02215,121.449394
3030351,38.113655,-122.197231
3625178,30.459222,78.022447
2552163,13.426188,103.866806
4209663,40.280721,-111.687811
1034541,51.658,-0.214667
118866,18.921551,-99.240188
1400975,37.33362,-121.890166
2049821,46.596854,11.810874
4575688,46.063226,13.238353
1403270,55.059667,-7.194156
4023567,36.34306,-117.468051
3113102,17.969344,102.611463
115522,16.05157,108.214897
1502290,51.122819,0.285555
4991166,23.123618,113.26857
1524649,39.039943,-77.079216
2349929,41.383326,2.175826
2529228,51.279326,1.079599
2711972,35.671902,51.4244
2807669,14.039923,121.081695
1340054,46.007931,7.766389
2136387,48.873568,2.364957
680901,26.313833,127.755166
1264148,47.974294,-121.611785
1310500,-3.359889,40.484619
3651551,40.763863,-73.973049
3009928,44.105406,-121.372125
1241009,40.345464,-1.10846
3559368,45.809179,15.972747
1901218,43.714587,10.397186
4886120,23.465549,58.267639
3532975,20.965767,-89.623889
1708322,45.504666,-73.671
4562858,33.578622,-101.874922
3160586,36.159958,-86.779892
3409169,4.630922,-74.091807
472134,49.110287,-122.746124
2335811,51.508,-0.099333
4219237,22.220025,114.211549
1265876,47.620555,-122.349275
602313,40.850386,-73.93652
3354875,43.87454,-79.432482
2877828,51.454391,-2.59346
1777788,36.126575,-97.084207
234355,33.99687,-117.375054
4261524,41.414571,2.151904
1017335,20.738776,-156.332874
430092,42.833068,13.207626
49925,41.552783,-8.415098
1130778,37.706758,-122.418841
4621781,46.436337,-81.141704
1097771,-36.824676,-73.046379
1454085,46.721034,-117.015616
2507422,34.028335,-84.112443
3588511,47.738281,16.337579
613176,10.20884,-84.36676
3080393,48.425356,-123.368139
4825312,31.507946,-9.766542
3609599,10.440124,-75.479679
4964664,53.426207,22.500686
4710583,34.143705,-118.136855
1292279,-9.645034,-35.741561
402594,26.21794,-80.165734
743387,38.231,-122.612485
4867767,-33.1145,148.936833
4059651,-33.942969,115.690756
3110914,28.558183,-16.205692
1398508,40.748476,-73.985688
4385087,38.699171,-9.170778
3303065,40.707333,-74.010833
877057,48.865575,2.322034
1450679,53.205878,-1.606922
4777005,40.407744,-3.693466
4007257,41.926164,-70.069427
990241,42.618759,-87.836082
4683130,10.450337,-84.749908
2701211,42.357973,-71.093022
4007414,48.853106,2.349336
2366382,9.51354,76.413995
2449834,48.019324,106.743164
555080,48.86374,2.33674
5016078,39.99705,116.49913
4771246,46.592633,13.73635
2434120,27.714928,85.290405
2458033,55.307264,20.98526
758105,-33.481424,151.349544
1506275,14.73857,-91.219321
708995,51.135093,4.387149
2539588,13.75333,100.504821
3426877,9.202985,123.658315
876700,20.92494,-156.692749
4288421,51.368076,8.307702
4186960,54.065546,-2.826962
4456624,-33.444906,-70.650501
359714,1.287,103.863166
1602171,44.762336,-110.464439
1970086,37.26852,-79.942703
2212967,38.243488,-85.743463
1485297,40.055666,-75.099
57646,-16.74004,145.671635
122922,56.816736,60.588655
4456999,52.541258,13.411881
2643176,35.623731,139.732766
3592094,51.53112,-0.124111
473579,41.235736,1.809139
4460497,43.646122,-79.468231
2315978,40.114576,-5.737438
2683487,34.254027,-119.205708
2347180,41.754836,12.288761
4003844,66.55943,25.829286
1091386,33.467749,-117.670955
1630182,48.100553,7.232894
4823281,52.122508,11.639488
3813585,36.017378,-114.737691
812923,40.745956,-73.934898
1828862,37.909911,-122.577306
2572557,50.641643,10.021816
3781575,51.51391,-0.098394
3146127,43.31851,-1.98503
512405,32.76539,-117.22809
2607698,41.826231,12.47048
3166193,51.756775,10.618033
1909169,49.872032,8.65978
2106778,40.773375,-73.984336
918243,50.829442,4.380412
4291870,42.517409,-71.103515
4022798,47.22598,6.019821
1626126,50.740284,12.371592
1369196,-25.602775,-54.573503
2976714,48.845666,2.449166
4632538,10.7001,-61.4667
159813,33.917167,-98.5205
4376741,1.539198,110.360562
3649041,42.421667,-72.557833
3565469,50.118982,-5.111389
2165842,47.271236,-2.278364
885961,18.251871,-72.545115
1858927,47.608673,-122.340724
4393317,42.35098,-71.074
1201226,46.55648,15.646742
4100042,52.684661,-1.82471
499093,45.517108,-122.653612
4235486,56.95237,24.112243
4579733,37.751388,-122.201389
3226560,44.953076,-93.287916
3430404,39.676607,-104.961318
895184,35.461465,-117.764785
1757245,33.822618,-116.546391
20407,46.992167,6.941342
1343869,-29.898698,-71.229171
2772890,50.122971,14.522852
2679636,46.431364,6.935205
3425304,51.419013,-116.258353
3105373,42.374302,-71.118879
1181203,20.419773,85.66924
1700088,21.950688,120.802917
1344650,-34.608557,-58.377141
4196300,14.657229,121.055281
1167780,37.422023,-122.084058
733743,51.118502,1.344623
381179,30.561374,114.285879
2981799,-35.116468,147.356185
3673286,33.695013,-78.885227
2754584,22.278966,114.182476
4186345,-23.945826,-46.328004
3725677,14.605,-90.584667
779209,58.893783,5.851764
3928336,13.827078,100.564341
1933523,50.069384,-5.712161
4831077,48.662566,-120.872611
1304362,33.943666,-118.402167
1604626,53.721396,7.5531
4905695,40.741753,-73.98895
1947884,35.1884,-106.446704
3924032,53.07852,8.80567
3842392,19.895081,102.137317
1091777,22.612426,120.747814
2070779,32.619209,-85.337127
1063088,35.69898,139.571996
749481,52.070214,4.740267
2702744,40.756145,-73.986933
3178624,37.848391,-81.129655
3105230,46.917646,-98.706622
3793217,25.042356,121.556626
503838,50.860387,0.562931
61860,36.8321,-121.347931
4227061,61.590107,9.760665
1207350,40.774561,-73.97232
415809,45.133829,10.02496
3791487,41.448882,-72.464425
52081,37.74623,-122.431867
1921346,45.55328,11.525462
1708101,45.317358,6.547363
3986916,33.283579,-111.128318
3162809,33.465833,-112.0825
2233534,47.743536,8.706901
636490,37.809874,-122.4761
2818525,36.506191,136.687072
712456,45.868377,10.861701
4178356,28.524737,-80.67913
4269643,45.517416,-122.708839
66060,51.474968,7.049789
3802057,-30.5538,133.496704
497516,25.701092,32.643127
1151472,40.808612,-73.961548
2585925,37.769966,-122.467171
3877564,8.815274,-82.435612
2412589,42.807452,-77.262564
803184,-3.114119,-60.01831
4353017,-6.60172,106.805713
4176165,40.720119,-73.987662
2955257,50.28177,18.981456
4106443,35.361231,-80.687413
1144455,35.934965,-83.905259
2992321,50.674759,4.508814
1708001,47.659028,9.435195
4755480,28.461004,-81.465082
426095,36.445313,28.225593
3244470,47.214729,-1.552612
3535833,59.388337,17.928442
893781,43.296323,5.373859
2328680,29.81504,-100.013542
1015926,28.381735,-16.556396
243808,32.337795,-110.823849
1569739,28.809933,27.03804
2790496,37.144855,-2.776193
1229395,43.642053,-79.387035
2852411,5.12514,73.047409
4383962,30.215149,-97.889814
4397140,36.074979,-86.295118
3062197,37.3915,-106.898001
1106649,1.365579,103.827713
4551503,32.963738,-106.004333
430011,35.77068,140.384502
3575266,51.494423,-0.10025
2697828,28.544936,-81.374938
3109024,30.525004,-88.008041
1029466,-36.50495,148.833785
5011393,9.159891,-79.724349
2519090,41.822517,-71.412044
4867700,46.857194,10.5953
2040128,57.049265,9.91986
1401684,44.04685,-124.097937
651188,50.333411,6.945386
49087,10.087346,99.826583
3854775,51.16375,-115.56128
4618299,41.047511,28.989636
56733,40.780075,-73.967224
3674186,45.872321,-84.635925
2396316,40.482862,-3.364284
4184009,-22.735716,-45.588626
4553054,35.454668,139.63386
3793946,-33.706834,150.313
1476605,51.529972,-0.004549
653422,38.454629,-8.863902
1831329,45.588485,-95.921249
1035995,32.778037,76.591186
198237,51.487482,-0.124872
4589438,49.770802,18.272902
4669483,40.719583,-74.042594
1664962,10.315039,123.955902
2154205,33.761938,-84.389451
4973441,40.828357,-3.831949
1308712,43.120666,131.875
1229254,39.937333,32.846667
4337763,39.210258,-76.844108
657651,35.199188,-97.430523
1331179,50.09068,14.3996
2496668,30.25106,120.145111
49148,43.21183,2.3584
1717015,51.399848,6.144104
2920488,43.28514,-4.96273
4161649,19.132892,72.899816
54913,48.472,2.29
4966072,41.011414,28.977427
1917300,47.668031,-122.395339
1302504,-7.260023,112.744534
4317499,32.67406,-16.929931
3775815,34.101179,-118.336529
3580301,3.154656,101.710052
403726,3.513019,98.613886
4493579,34.698234,-86.672676
2363781,46.220333,7.32891
3991681,-19.59143,-65.752905
540986,36.988705,-110.109958
2723920,51.865574,5.319442
3121181,-23.588177,-46.654558
1415450,34.379712,132.437438
2818802,37.911099,-122.02579
458460,52.023808,-9.904073
3735836,-0.219726,-78.502056
492035,48.78983,2.21063
24536,56.456965,-2.968014
3036524,42.690897,23.324591
2351500,53.501117,-7.701416
1022159,51.459712,-0.068407
1418006,3.809617,103.353366
3409448,47.700751,-122.239723
3425625,40.762771,14.008952
1226044,50.048878,8.570169
4571224,43.98951,-88.555212
3454526,-15.629649,-71.809043
4243821,40.625304,22.949237
4258815,43.675973,13.218355
4621527,40.459895,-3.601659
808156,38.983333,-9.416666
1675886,51.454595,-0.124529
3201208,44.483769,-110.825958
4186834,36.095866,-115.173679
1317575,51.505857,7.468214
3913910,51.427363,-1.852397
4001738,40.281882,-7.505893
3688882,11.945792,-86.037883
112188,43.549916,-79.664483
21025,-6.175115,106.611456
4686791,16.999665,-61.998767
672218,45.07086,7.685847
2998318,48.731548,2.325799
2876734,29.432085,-98.493032
1355446,32.74101,-97.35835
1786335,45.072688,38.963919
4080090,38.796849,-9.390714
1003158,19.31,-81.377
3426738,67.313701,14.479637
2644262,44.882573,-117.589416
541224,40.948211,-4.11636
3360931,7.806241,98.8385
297597,21.325198,95.811767
1203814,43.648125,-79.42038
2431111,53.902549,27.5631
937448,36.461192,-105.539474
319728,-20.953892,55.437465
1203436,-48.979991,-72.825965
2834710,41.890273,12.492313
2499308,47.954524,0.209941
3719227,31.391157,121.333007
4141045,42.051841,-82.595214
3144677,-18.480423,-70.314388
4723018,20.082333,99.853333
3081050,64.144999,-21.915344
1932520,10.363,-85.658
1589482,51.045198,-114.063076
4620672,40.243629,-80.476129
825645,40.490833,-3.898511
4221919,39.768172,-84.161753
1418431,39.011053,-0.30826
594309,22.296414,114.171115
3813556,42.510853,1.535317
3425236,25.198029,55.278396
2237762,8.054153,80.71289
3383346,47.984234,-4.453239
124674,47.598811,-122.331223
462769,51.589496,4.772357
1064894,60.171161,24.93258
1157679,55.435015,-4.631788
1327055,39.33433,-76.626892
3842621,39.039452,1.490793
749155,-29.910563,148.399887
2844134,51.423951,-0.216228
3486716,37.549102,126.919223
3247882,35.73285,139.7088
1716915,35.178298,-115.883789
3772733,41.609474,1.828536
4065022,1.380167,103.733667
4869439,43.667595,-79.398622
1792220,43.859441,18.431046
4252605,36.842666,-76.179
2265028,63.830146,20.262565
4666298,41.891607,-87.607351
3107892,51.887833,0.911667
2515704,48.757545,-3.5709
2363082,51.81339,-0.354266
4871425,60.584564,15.68058
1393944,41.663999,-91.529502
4946026,37.2444,-121.789028
2053216,43.553611,7.022564
3171059,53.811666,-1.780167
4448651,46.209358,-74.565238
606004,47.550811,10.839385
2119402,20.930658,-100.772094
372076,51.224941,6.775652
5005586,47.996369,7.849398
774261,51.249989,22.564501
4157455,14.356865,100.568161
2440522,39.872725,-75.675716
4307085,45.193062,5.71907
4284349,50.732149,7.105622
3553528,-20.221449,-70.144615
2544989,41.393165,2.162868
2596140,55.967668,-3.204059
3363322,52.335339,1.599798
2699954,43.469116,-112.083892
2606992,37.177127,-3.589847
2269726,53.195232,-2.880767
2256632,37.785062,-122.401835
3090874,51.246772,-0.598068
3072330,29.956784,-90.064748
2093032,51.501025,-0.141341
3866939,46.812708,-71.214355
3106876,-34.480736,-57.842588
3300940,-37.816734,144.966144
869247,22.29942,113.932685
3620779,-16.497406,-68.134803
508087,-8.6725,115.158055
4135194,39.649763,-75.724778
345150,42.103708,-80.028357
4288736,54.147087,12.10066
2588926,44.505473,-64.006004
2894168,30.05167,31.243063
3090723,6.197898,-58.849639
2909366,13.957724,-60.928459
2503497,52.07638,4.307005
1012763,33.996248,-118.327732
738231,60.986056,7.045841
586371,37.66831,126.700749
2762986,38.607346,-9.096851
1493397,33.658833,-117.901001
3439720,42.857846,-4.459075
3021434,29.606773,-98.332257
3995829,35.051,-85.3065
1461229,48.220497,16.406502
3020724,41.403617,2.191628
855124,46.955535,-94.408951
1087764,37.276301,127.06409
1581501,42.931552,10.518763
2527272,49.010437,2.551413
823497,-23.525096,-46.68344
4812942,-10.909569,-37.07479
3342966,-7.754537,110.368652
1235855,52.506732,5.846786
1784623,51.512067,-0.121268
2856208,52.288055,5.169827
3670276,31.247709,121.472618
26766,48.98047,2.270264
4299092,42.34111,-3.69982
3655035,36.481902,138.142222
3473568,43.454165,-3.785305
4243475,-33.499749,26.111583
3601090,40.717078,-73.998112
4489980,50.847723,5.693041
3817069,41.872436,12.476563
3072402,-21.123086,-48.02252
1273921,11.557598,104.913243
921993,43.111761,-90.059394
2999857,53.154903,-3.256072
537081,25.6667,-100.316704
3512856,41.369659,2.152376
4397286,44.08908,-74.056092
4640746,41.834899,-87.83316
3068349,40.735665,-73.991106
2854957,49.443233,1.08785
2456378,38.938666,-77.432167
3176113,46.494492,12.32975
1649507,38.909986,-77.043535
1835442,45.886423,8.52951
1212860,-7.960366,-14.386875
3193088,48.146617,17.107086
2304147,49.038894,-122.217471
4345065,45.081255,-64.493844
4418464,60.169236,24.952236
3347181,39.356869,-82.103491
1431203,41.474988,1.931365
3009551,50.727545,-2.949142
2336261,40.443746,-80.003578
4246593,48.840366,2.248635
3395679,31.859334,-116.62418
2655078,47.045358,8.313989
2845494,51.176733,-2.265844
341691,51.221265,4.399681
619618,37.436259,-122.165071
3019530,48.949996,2.434984
589383,33.24163,10.867252
4674604,39.902757,116.390876
3321016,51.913461,4.414272
2133949,52.482667,13.3875
1986155,52.510912,13.252269
4995241,52.833313,13.685874
3705362,44.9806,-93.259484
2105514,-15.813395,-69.697265
624600,42.727536,-114.500402
3371213,50.21503,1.568298
4071885,44.955262,4.100378
4554765,43.821686,-79.182232
2885042,37.387489,-5.994468
316571,54.339847,-122.309589
2097072,23.292983,-106.285729
1422330,47.607066,-122.177948
3305175,60.237997,25.009208
475856,37.377088,-5.985736
1695894,32.706945,-117.162226
4578481,38.714011,-9.142899
1146469,48.843918,2.35764
4385739,49.492772,8.443078
1634720,22.283833,114.154666
4239924,59.424436,13.4943
2173273,44.7421,10.725402
4572086,39.572934,2.651427
1188293,-37.549783,143.821978
3357123,53.403513,-2.986092
3050955,37.960136,-120.451097
854448,43.647191,-79.397077
1296353,45.438754,7.767419
2944454,24.284163,120.598822
2781512,40.580975,-105.076675
3563459,34.20537,-118.2034
2867498,42.521458,3.082008
195820,47.282839,10.137805
257990,34.057281,133.004264
2480246,32.354261,-108.742675
3714361,23.390602,121.09996
328249,51.503132,-0.119347
3814527,39.359333,-74.4435
4611892,45.496838,-73.576903
1819611,61.496799,23.765659
839066,19.427582,-99.151268
3993660,51.842247,-1.362304
4366659,53.534148,-113.506665
3449211,33.682532,-116.240115
3911962,40.595054,-6.537369
1323011,-1.447723,-48.486614
2555075,38.682025,-0.053901
2496693,7.11222,-73.063631
4522535,20.516589,-87.195281
3284918,48.866699,2.3333
2934107,46.14428,8.838672
316437,48.74204,-0.367012
3413021,48.853999,2.617503
230797,-17.79099,177.973403
3710916,59.624503,17.859032
1918946,44.861846,-93.352829
3574636,53.800188,-1.548031
2483422,49.935911,14.184372
836880,-25.213328,131.122169
2030821,37.517282,23.428087
3235769,53.271629,-9.053893
2260797,48.204026,16.363803
2910013,47.43418,19.105921
1569135,20.6833,-88.569374
4907296,41.654994,-0.880429
3311633,36.59968,-118.215208
4554731,33.542968,-117.784423
776641,48.636425,-1.511135
2754524,22.616546,-83.71376
3514842,50.370635,4.682106
1128600,50.443841,5.968751
3870106,51.144813,15.672632
3371267,15.399693,73.951549
3436369,51.504909,-0.073106
424135,39.101,-84.512334
1642699,56.045558,12.695238
1388524,51.029296,13.731043
3046278,51.97003,5.654697
662255,37.808166,-122.414334
549261,-35.426713,-71.650845
2025075,37.787267,-122.408172
1327259,52.267343,-0.887446
2499633,37.28276,-112.943873
2164433,38.847382,-104.864475
4025480,5.49314,73.039684
4694083,52.479444,-1.903056
1050585,36.595666,-121.894334
2490909,48.82687,-64.552359
4060627,44.350613,-68.227501
4989027,46.520485,6.620721
2318601,34.058822,-118.443809
566387,40.71807,-73.957536
4008037,38.545052,-121.751765
2895751,13.624633,100.634765
901742,59.473904,16.324052
978227,45.433153,12.329406
4489438,54.201061,37.641563
1246597,35.580333,139.664
3391648,52.4293,-1.931598
1217219,51.521561,-0.100421
2365232,34.03936,-118.230957
2406738,51.551833,-0.0715
1716840,37.741127,-3.857316
3425338,39.550837,-104.869136
2667387,41.558797,1.493025
507339,31.856355,117.278795
4456423,32.779395,-79.931116
1489005,41.58855,-87.065191
1794323,44.949256,-93.097173
266666,22.268049,114.145889
3474475,47.658537,-122.310619
1798067,30.942672,120.884041
1539178,38.793405,-77.065064
1253410,37.220114,-80.418119
2056781,46.811593,-121.726627
1671885,37.248743,-118.571974
4031272,28.987364,-13.638582
4031024,41.381586,2.122568
4389286,54.797642,9.466202
4273930,41.511324,-88.089569
1212636,39.486223,-0.630168
3063861,51.621986,-4.009323
4019238,49.959855,15.290275
1589870,22.324995,114.172148
4505842,43.116005,-2.59797
4483114,45.96368,12.655391
4472828,39.163558,-84.543174
3064539,39.932248,116.398601
965967,40.364539,-3.576886
2278603,43.777849,11.254259
4251800,41.794352,13.219299
2516625,41.877113,-87.622995
1531928,49.454311,11.07394
364477,-22.019453,-52.366333
3642465,41.519374,-5.394287
2150575,45.432912,12.35979
2359327,50.359514,7.610124
1864214,32.317407,-106.75754
4007694,36.898695,22.265124
647432,50.895102,4.341359
1692354,30.297833,35.443267
2591628,33.652431,-117.734611
2252988,54.590043,-3.15608
993577,52.953211,-1.152287
3457622,-8.047331,-34.891204
4624318,39.941211,116.38122
2957383,29.651509,91.099491
1182304,39.886919,-79.469475
3751041,41.776828,14.11427
2152873,53.452742,14.549975
2223580,35.38814,138.720073
435090,40.218933,-74.012359
389595,34.106872,-117.683456
4668082,37.06272,-122.080678
798463,33.482498,-111.44823
2485813,21.130856,-86.769332
1352626,52.630002,1.29703
4507675,17.73953,83.283233
2827151,37.80347,-122.448844
4378120,47.63091,-122.314245
1907789,52.456944,15.083888
1652743,44.501494,-88.061299
3966889,35.709736,139.77278
2859447,50.000598,8.272299
4564747,46.822264,9.535274
4408316,38.328355,-75.099631
4432038,40.641458,-8.65361
4564104,55.944021,-3.272101
1835200,30.091746,118.161306
1049259,51.050666,3.722666
2481327,59.963603,10.758361
1901217,28.416678,-81.581162
1632719,51.519321,-0.075284
1782505,38.890164,-77.008452
4251955,39.859491,-4.026264
1509317,-22.908667,-43.178834
3330231,55.661308,37.780351
1331051,52.083515,4.319906
4345776,34.000624,-81.033278
1440808,41.791664,20.905437
2580501,41.652204,-4.727854
1200873,45.168521,-79.641754
2556017,43.085799,-79.072659
1027414,41.631725,-3.645572
2040180,47.316221,9.430646
737385,59.326674,18.10417
1444530,34.135555,-117.989723
151466,41.829985,-87.633808
3835091,24.556335,-81.801795
2356246,39.610581,-105.953006
1704520,43.2932,-2.982788
3630031,-42.87962,147.330962
3956487,44.05817,5.234127
4277121,51.382006,-2.36044
4255745,44.860211,-66.986818
3113540,43.939912,10.220652
502558,20.69313,-103.840295
2736579,51.478322,-0.002864
4261436,54.041348,9.090328
2655428,40.085061,-75.223512
1261986,47.498183,19.047203
782424,45.261543,-123.067066
4833413,67.861244,20.20523
603743,43.559091,-6.032738
3780668,35.494359,-97.521343
3854532,45.421294,-75.695586
3340044,50.858877,4.368438
2612568,51.952134,4.115324
2021703,59.334554,18.060718
3920156,28.357794,-81.590512
2153990,38.769494,-9.133415
3889262,35.2205,139.042
2806264,41.221817,1.671895
933895,29.886327,-97.939585
1074347,47.798857,13.044805
3893663,42.754575,2.860393
1331575,51.480052,6.781691
4964880,62.472199,-114.42295
1360389,40.245991,18.182373
3007379,40.797153,-73.948934
1028961,39.786605,-86.161373
537233,47.971084,-122.230174
2258778,61.85299,28.87988
1070741,3.108291,101.670913
3928670,43.850498,-87.734001
2567840,50.715726,-1.934366
565663,42.500207,-83.141434
2122417,30.375266,-97.753194
4379809,-14.81206,-39.056396
3891567,39.455281,-0.352334
2252527,40.653294,-4.081764
4778443,9.395548,-84.135532
2769419,38.898698,-77.036561
4853853,43.212182,27.953596
4833730,9.934358,-84.079742
3999787,-50.90195,-72.890235
4777673,42.273101,-85.571678
2815638,43.872807,-103.328948
4924998,33.842716,-85.833885
1069069,39.125665,117.192535
3352369,39.599001,-105.642728
3954074,51.556237,-0.178903
3494439,37.879189,-4.779578
2474966,21.334552,78.742446
1425389,43.372488,-2.660236
1554596,35.016562,-82.005906
4306667,45.730404,7.325477
3313609,41.884323,-87.66622
4199834,52.008738,8.697375
1286440,42.442912,-83.435631
2253362,45.552645,-78.594474
3979235,22.621845,120.305464
3621922,40.624376,0.595321
4385239,46.177274,6.733675
630345,42.982681,-82.411666
4503663,50.809087,8.772261
2504898,31.230751,121.467084
2023358,52.093587,0.130462
854127,41.192444,-1.782875
3648628,45.514833,-122.678664
3578889,38.627761,-90.219207
2474143,35.316841,139.535615
3147929,48.583346,7.752463
2722036,33.740852,-84.346176
807842,43.050136,-76.084742
2407075,37.62561,-119.007714
2182289,30.181825,-85.787635
2529659,52.308478,4.75914
3881763,48.856918,2.341209
3563126,-30.883001,152.598287
4282893,52.372812,4.89281
3572559,40.79903,-74.492077
4186472,51.556658,-0.28051
231483,49.020253,12.100067
3127470,41.616493,0.627926
1200183,46.250333,20.1545
1806437,38.035112,-78.500468
2818680,25.7715,-80.188667
2234083,39.395169,-120.0148
4084017,34.078451,-118.475189
4516226,33.901339,-5.563201
2556218,49.429816,11.128646
602132,42.383291,2.116889
1503420,38.9631,-76.4886
4109771,41.385897,2.169467
2430546,31.189455,121.482524
377249,50.733413,-1.5592
192532,32.899839,-80.035829
2260299,68.675415,16.613044
37153,26.206948,-98.1743
4777108,-12.096762,-77.026884
3365026,55.858446,-4.293727
686629,43.092803,6.158292
3896350,52.320651,9.808087
3297605,9.156332,38.693847
4860528,43.068832,-124.205497
2130635,42.398685,-71.124396
4514074,55.781855,12.502805
630920,37.78553,-122.429874
3109095,33.953189,-84.545883
3892525,21.310063,-157.85979
4244119,43.660666,-70.251167
3063353,55.674708,12.520513
4648901,42.165057,41.678094
2904089,40.763027,-73.984414
1803476,42.44056,-76.498221
2405666,37.60758,-0.974843
2769035,40.768297,-83.839759
1872526,-22.898473,-43.237037
4985886,37.193681,-7.483255
4200369,37.345374,-6.063508
4965559,56.10498,-4.686355
1855496,8.682851,-83.49266
985174,48.863359,2.345409
1234942,30.044337,-97.12518
1328174,48.521266,9.048871
391134,34.869939,-111.787068
3611601,28.404764,-81.578893
2173193,-18.287875,-69.080314
4077476,50.598773,-3.52807
1378555,36.708751,-6.032352
1482873,28.419173,-81.581254
324109,18.946749,72.829967
983541,40.767517,-111.894636
4886497,50.079078,14.433219
2240107,36.928899,-3.376922
4515803,-22.890141,-47.076866
4999605,55.949031,-3.197321
143753,51.497622,3.611994
950143,3.808332,10.098838
166567,32.274311,-95.337488
16379,29.856723,121.555824
3156415,35.6718,139.767036
4177183,51.507406,-0.159151
1845226,37.8571,127.72808
2777011,41.375705,2.176355
3299265,-12.601878,-69.047929
3256733,51.947486,86.336836
423189,49.914811,10.924272
1354097,34.915496,32.994003
3854781,45.529275,13.56496
1114487,42.306221,-71.107696
1675175,49.898031,10.268043
494510,21.338849,-158.123795
4497394,34.721156,135.496187
905897,40.416738,-3.703701
4304931,-12.973662,-38.508142
3194929,51.5077,0.030502
107372,48.292465,16.313316
3078115,37.360649,-6.04431
1065219,17.418787,78.462467
4075644,54.037417,-1.558341
3575852,33.901285,-117.885317
2187273,51.036482,-3.133935
4018499,33.000602,-116.385728
2888133,35.905069,139.621488
3082535,37.973476,23.727738
1609936,50.80173,6.479701
655595,47.6705,-122.1215
3269583,40.390488,49.853897
1070335,37.0935,139.489816
816552,3.548459,72.924242
1051269,-38.180834,144.369166
2904194,21.502688,39.294686
132862,51.512333,-0.130167
2654696,51.209384,3.223102
2998429,50.68754,-1.24463
3629967,-30.036355,-51.223976
2769067,52.408564,16.933
2052094,57.637269,18.295701
3452917,36.873578,30.708503
3799062,44.396412,-79.821767
3815908,-22.423534,-43.160702
3559742,50.062428,14.423332
4793194,35.666867,139.743947
1902969,22.193206,113.5431
3825768,29.644647,-82.35094
421405,35.922663,-86.875934
3889901,42.744972,-88.570179
2457523,37.566898,-122.325762
2164065,10.779264,106.698703
4506092,-1.28066,36.810119
4507370,35.691251,139.699101
2991314,42.598129,-5.57166
701274,42.507381,-71.61058
4539134,38.932333,-92.3335
3907543,36.249109,-6.001281
713426,52.63624,-1.133222
4000634,40.768409,-73.974219
1094824,-37.658276,144.835167
918020,45.996813,9.299711
3510477,-36.728612,146.961111
2924805,37.405005,-121.976845
266260,49.195149,16.612358
116134,39.194584,-106.932163
3694859,19.799332,-155.85617
4464631,44.307635,-78.300204
940893,41.091966,-80.287442
2579473,9.6588,-82.756233
1555021,51.806425,-0.785232
3412269,46.226046,-122.188911
2583659,43.688348,-79.302792
2099570,55.775077,-4.285247
4112682,46.532611,11.326444
3652832,40.19179,-75.575208
3647442,48.718498,1.829996
747752,38.962395,-78.190772
3223149,47.679605,-122.348899
153998,33.987495,-118.470554
241619,29.924145,-90.107487
3215767,44.222894,-91.826562
1061391,55.667208,12.549245
3138909,35.187277,129.017944
2190703,45.637274,10.033779
809741,35.629535,38.757705
1878139,43.335666,-7.316551
830910,56.060524,-3.405117
33018,43.859472,12.888336
808883,24.054052,120.511275
2359816,35.685465,-105.937685
1818846,42.725706,-84.480388
3246023,54.597333,-5.930167
4833440,43.464569,11.88137
1554512,2.761133,101.737689
1446604,38.548433,-78.416976
4059402,-19.267148,146.796441
4997331,58.400199,15.576918
4756538,45.925297,6.869825
2433317,51.508375,-0.076447
4313479,43.340161,17.810983
1122873,37.851475,-107.78623
3500743,41.946564,-87.65429
1331528,50.417494,-104.587225
142912,49.60067,21.042594
4064149,46.527217,-86.521453
656700,35.543764,139.505533
3446188,14.581431,121.060752
2901496,3.496999,101.254692
3629942,40.790906,-73.973951
2750049,36.88779,-121.746883
1344620,-3.768337,-38.60321
4269548,36.15871,139.352967
3241942,47.505163,-111.203548
4489418,36.09121,-80.192341
3498341,34.425885,-119.719476
948365,16.854491,-99.917221
1970460,48.855679,-3.00476
1106738,59.420666,18.549333
1229092,45.907184,-123.961948
61553,27.356826,88.783092
2150851,38.346149,-0.490297
2069073,41.898507,-87.624142
4262297,22.903167,-109.898833
2318288,43.608596,3.879182
3506769,32.072247,34.771556
1725609,51.017426,2.655247
2850777,37.716464,-97.411571
3897332,41.952213,2.326054
1884425,33.80939,-117.919049
4458999,41.968333,-87.7215
2176611,40.702374,-73.991546
3342277,33.454162,-88.79123
672137,41.491759,-81.690065
3452216,47.316002,4.858746
311330,49.894694,2.300525
2163094,40.406274,-3.761186
4184015,-14.965505,-147.635167
3762019,37.50952,127.0563
2106047,60.392964,5.325815
3924003,29.360726,48.000512
110503,48.121384,21.416248
2466934,35.657901,139.699905
4820986,63.427251,10.396757
4071989,51.895542,-3.289372
3707732,51.5115,-0.177667
3397622,68.084391,13.538417
4818885,40.700459,-73.929517
24695,44.059712,12.563552
3214424,64.162141,11.779789
2769390,44.166278,10.600649
1204229,54.991748,-129.955301
1564728,-34.001798,151.220197
4751295,53.242348,10.407168
1605607,40.426826,-3.709945
3136687,50.101092,9.049987
1653861,50.087772,14.421397
377080,33.862415,-118.093972
1296499,-34.911167,-54.87276
2822100,33.215918,-97.145313
3360600,-34.900389,-56.178224
384135,48.846135,2.336461
2712798,38.184219,15.563174
1702828,-21.7465,-41.3305
2982137,31.777941,35.231266
680790,53.219166,-0.537778
3360265,40.723433,-73.995602
3692432,43.113656,-70.732297
3609636,26.574403,106.708145
564252,43.254314,-79.070652
4495930,37.795728,-122.481229
2626478,25.039707,121.567754
2240530,17.982406,-92.932662
4445545,32.968016,-96.768456
1458497,60.39625,25.660328
4053159,30.286985,-81.53086
3180392,52.500163,13.438017
4207257,49.28046,-123.102579
2162746,47.561802,13.648838
779201,39.639446,-106.41345
2855185,49.185091,-123.977975
1542770,42.368944,-71.010131
557331,50.903526,-1.405016
1022359,37.760666,-122.394501
630805,41.963223,-87.684838
4945481,44.97076,9.635914
1606889,41.360658,-72.028011
3016316,49.302667,8.640605
2070259,42.719258,-73.7538
4235905,47.074564,15.443966
1693730,40.317755,-3.787279
2489590,46.852971,-120.502853
2805894,39.665566,-105.205088
959663,51.053582,13.738489
3579894,49.596546,11.009995
2974708,-39.281035,175.564613
707134,44.334024,9.218237
729232,40.683696,-73.981811
2814129,51.343877,0.534725
938575,40.546666,116.812833
3331554,32.7374,-117.150435
3377630,43.195821,5.798699
4368649,40.761292,-73.977127
1077280,38.903394,-77.067734
2413511,43.259651,-79.882149
4227543,37.230055,-6.907095
1812321,44.688121,-81.247158
2057303,43.040726,-87.913299
3532000,56.153923,10.199722
4714988,51.516367,-0.13073
2531999,26.284719,73.021316
2239158,28.612253,77.213287
935413,38.888627,-77.049694
1106673,51.798583,0.003662
4321374,41.926803,-87.70287
1081639,40.753791,-73.983478
610622,52.159895,4.487979
2386642,53.217458,6.566463
3667029,36.252164,-112.811985
3335989,39.94944,-75.153178
598280,45.500795,-73.973073
4195006,55.911972,-4.45311
2466111,45.814264,9.077754
500264,45.399858,11.875759
4793712,45.616615,-111.196861
2850942,57.15382,-2.10679
4385289,38.655085,-109.590511
4395536,40.167658,-105.121114
915384,10.496916,-66.847418
2289575,5.169615,-52.68426
3559628,39.132889,-84.410469
4677922,47.5588,7.588608
3192803,47.746944,-124.332223
1451200,49.246244,-122.905769
3059349,39.932314,-105.123646
4950529,37.870686,-122.260472
4924521,42.965663,-85.676997
1577442,40.750727,-73.993456
3514427,-33.846275,151.062601
3098383,45.444536,4.391613
3537826,38.918299,-77.025371
4336097,16.920194,-88.709106
2598130,-26.656203,153.076629
476883,24.999333,121.251167
3452212,69.653225,18.964741
880641,47.810279,-122.372653
4630704,48.784904,9.186598
493233,45.465187,9.187145
2590313,42.797604,-70.834908
958580,53.005152,-6.34387
4148786,40.556438,-3.637772
443557,13.364101,103.8609
1073301,30.50113,-98.818954
4655640,53.551629,-2.039508
1454067,-27.600967,-48.521427
4184389,51.460852,-2.626762
4694097,38.011161,-3.37138
1220569,32.664487,-114.635639
844008,37.756167,-122.417833
2101436,39.566943,-2.115554
4372598,54.322805,13.536486
1835577,43.672714,-110.685882
2109953,53.60858,10.038542
4010619,35.904207,-75.649795
325274,51.001873,5.909271
224703,39.472916,-0.378448
3273090,22.565205,88.351771
659595,27.796731,-97.390912
2715800,52.878454,0.507602
790522,36.074632,120.319175
131509,11.929329,79.797561
428380,40.758521,-73.985452
2148029,-22.085639,115.824737
3002479,42.846449,-2.673239
141932,50.824287,-0.140033
412266,41.854669,-87.653732
4193041,39.89683,-74.135398
2664337,41.756486,-72.709413
133193,42.258381,3.150329
3355924,44.511612,15.252156
4501909,47.614408,-122.317979
4358565,45.4398,10.971841
3029366,32.838292,-83.621304
1148965,49.838203,24.027271
3508388,34.219219,-77.891285
698844,-37.869619,145.005841
2236647,24.452551,118.078308
1215952,1.291556,103.852558
3557541,30.704058,104.018554
475506,36.463409,25.376649
1797651,45.901596,-64.51704
303167,40.477818,-3.687114
4481322,-23.421825,-46.461353
1556636,54.324166,10.137166
4022246,49.759963,6.642479
1302771,52.090423,5.117256
1463062,-20.296655,148.905258
398212,43.563849,-89.807438
1582106,51.593738,-0.065757
939704,42.386416,-2.585906
2218318,45.273897,-66.059975
3927319,42.100196,12.159118
561245,29.988,-90.095334
4973046,52.521947,13.411774
4566302,52.636969,13.414392
277527,39.874513,4.261861
32966,41.878795,-87.636051
1369928,39.842286,64.522705
4771172,40.845527,14.252311
2251521,38.836208,-75.057083
3009857,43.63185,-79.330902
3888546,41.403571,2.174177
639442,34.683616,135.184364
3219471,51.734333,0.475666
2941447,35.093788,-106.64714
1465454,18.485144,-69.892959
4235979,54.4253,11.097393
964056,40.742851,-74.006373
3510118,45.507455,-73.555837
1413211,37.281462,-121.954057
4833442,35.276771,136.25214
4825243,51.450666,4.349333
1531792,41.800623,-88.077735
3910759,40.23464,-74.936113
4987221,23.570666,119.572833
2925185,41.882737,-87.623316
2163337,55.940109,-3.04975
1186927,40.990806,-72.303087
1288402,31.530985,-97.202203
4684921,39.031252,-79.450893
4557278,12.971666,77.596833
495995,49.415524,-1.175107
4809002,44.647139,-63.577923
2442457,38.121061,-6.530277
958617,37.01283,-95.588782
4444695,35.035267,135.719089
3964997,61.101784,-94.056015
1546405,-34.924821,138.596992
957889,43.561688,-80.247745
614365,53.614967,-1.579284
1549232,39.001643,-76.88095
1703257,20.81758,-76.138687
4620631,48.384302,-4.495983
4320963,38.403667,-122.366167
2826375,-38.466425,145.266444
3515897,53.232756,-1.216049
4349420,60.701026,27.561046
4956136,49.887667,-97.140333
1552534,47.464518,-0.551151
3405842,37.5025,-119.609667
65269,35.089574,-79.15924
623450,45.439658,12.32048
2353874,43.064067,-96.471977
2909859,44.613376,7.921653
4350012,52.106719,4.27721
4772076,38.698238,-9.414682
2054189,53.104576,-4.08391
2079852,-32.880199,151.755963
2422784,56.859155,12.649126
4173719,55.963086,38.057069
4630497,39.537674,2.445144
3340580,37.83142,-122.536354
442318,54.894348,23.91089
3161593,2.194986,102.248383
448133,9.559333,100.033166
147939,-32.895443,-68.841533
4911126,52.190561,-2.219281
4909521,54.578554,-1.219997
508267,41.903171,12.456178
1142700,40.964337,-5.664567
4551164,46.225452,-119.168701
1896630,49.79378,5.065995
1583185,40.498373,-78.415968
3187163,-33.873724,151.199394
4152535,62.902881,27.680826
4375746,7.002422,0.289421
3964517,24.79461,121.278602
2032902,48.256055,-70.413436
3596604,30.609817,-96.34027
1363880,40.72906,-73.54911
3875481,49.075665,1.533451
4450544,42.16324,-87.81644
3942357,51.81934,4.675661
1887420,39.972483,-3.442336
2129898,21.033878,105.848121
4583812,46.051671,14.506244
1269977,19.870059,-70.770263
3587142,43.622314,-79.37489
3947880,-7.812895,112.012039
2582834,52.367018,4.923081
2908066,55.683439,12.589763
1923353,41.77455,140.725827
2555930,38.754074,-9.188429
1902533,36.456939,-116.865127
2743280,60.061037,23.319892
3549255,54.421013,-0.576445
2624637,45.598665,6.718139
2182660,39.70198,-0.33761
3076513,24.809391,110.463941
3130445,25.083266,121.522779
1638620,40.768033,-73.981869
3478790,60.194257,24.593589
389143,47.678333,-117.402648
2904026,37.206252,-122.335145
4146218,32.884218,-117.241791
1757849,41.40205,2.155208
3013715,22.424091,114.23155
3625184,51.681709,-1.783991
183839,41.431144,-73.976268
174476,45.769702,11.739136
2196100,52.516071,13.376979
1753421,46.141961,-122.937698
934308,13.367166,-86.495667
2032123,43.330833,-3.033
1208122,44.669019,-104.743309
3973468,42.249677,-8.73074
63428,54.32263,-2.203187
4174467,50.374098,-4.131116
1604089,45.40219,-122.692163
1303021,45.484794,-120.729188
4704721,22.446189,120.473159
1905620,43.494197,13.572986
4526772,36.452547,-6.199378
3940474,51.4781,-0.2974
1781429,51.506725,-0.115764
1988848,24.526705,120.82185
3687215,36.065197,-112.116851
1483254,25.056522,121.541104
4604934,19.447441,-155.20257
4860646,-28.100414,153.428192
2224087,60.191622,24.830764
1789975,14.843589,105.84177
281416,41.920833,-87.636167
988074,36.229333,-116.767667
110901,39.165821,-86.520595
2506033,-41.507934,-72.595252
2476174,58.763,17.0077
4698399,41.181464,-73.415021
3584584,34.264735,108.943519
1860951,41.865359,-87.61646
919763,29.708,-95.388501
2359513,44.937706,-123.026275
2595755,42.256333,-73.407833
1401620,41.390319,1.765879
1933875,52.526248,13.367614
4176482,35.373514,139.285783
3429270,52.152595,5.374159
4903565,50.201297,-5.477027
4057570,47.375206,8.539037
3981348,62.230315,17.501392
1941986,-37.803952,175.299181
3147,54.688518,25.277137
2875951,47.574889,-122.400419
902712,41.165344,-3.060207
4194249,51.43861,5.481867
926139,39.819216,-77.244186
1814871,44.844794,-93.67365
4840661,50.875906,14.95737
573682,51.519385,-0.126965
211321,53.357108,5.229492
3256830,34.073741,-118.240536
4719565,43.697572,7.273292
2651067,40.706734,-73.998284
3596546,53.538777,9.77457
3055735,50.960372,5.349826
1040865,-33.843954,151.241118
2040213,36.533846,-6.294136
2175155,37.7745,-122.5085
2008080,50.795048,-1.095344
3232015,42.640146,18.112506
1185940,53.395101,-2.595798
2247993,-33.416953,-70.589153
3170838,39.33131,-123.698673
1314276,51.604478,5.148897
1032515,-6.17144,106.827819
2551737,-0.747049,-90.714111
112683,32.871333,-117.038667
1398148,38.664134,16.285557
1392655,52.453289,-1.716785
2815903,45.524666,-122.677167
4161832,53.308313,12.74414
3921069,48.372572,2.819731
1482973,51.524333,-0.1345
3469534,38.898815,-77.022593
4589573,39.855069,-104.669151
4514771,37.987187,-1.129521
4637321,30.398049,-86.425838
651856,16.002083,-24.013197
3362818,-3.140961,35.437126
2219095,44.280542,4.13824
4415832,55.635707,12.583123
1411158,41.503555,-5.74954
168084,52.705099,-2.762203
3127208,45.797675,6.969113
3410940,36.197949,-86.674189
4859407,36.52,-93.82
4477898,55.582666,-2.832667
3465544,47.598563,-3.06167
3891597,25.033502,121.564091
4698329,31.189034,121.412681
4387837,19.343459,-81.087856
884965,18.790048,98.98643
2494609,45.411586,-72.707691
2812292,22.046822,-79.995918
4548098,-35.27,174.05
1892691,45.434418,12.338762
748662,42.014581,-87.678239
4607573,53.345203,-6.262419
4458729,47.205196,-122.225947
1122610,48.866295,2.31245
4039257,-41.77601,146.23449
1295310,25.148547,121.534388
2638342,40.107606,-88.227322
2151245,37.130281,-8.625469
869061,41.768475,-70.721633
4279005,33.883331,35.630561
2130358,55.620126,12.079167
2878950,58.295395,12.322089
4251931,32.390471,34.92727
4165792,51.178969,-1.826305
3736204,50.263119,5.460033
1057028,-34.197392,18.450508
4284902,6.038948,80.234534
3793066,35.223851,-80.846779
2019804,65.014122,25.463497
4152220,-23.645153,-46.628208
1999368,51.800494,46.505985
3383224,47.452678,8.565039
2458481,48.859957,2.351814
3231506,52.338695,4.902305
1840530,41.698519,2.845373
3689572,28.673871,115.893058
4068159,-26.926661,-48.686256
3833081,50.084573,19.79762
3396496,49.275805,-123.125689
675862,-22.973803,-43.384194
2426820,44.220155,3.231697
858410,48.68161,2.16947
2089809,47.529347,-122.304385
2723750,44.862419,8.48519
1166240,50.973373,0.883015
2453517,40.198746,-85.405826
2878174,39.468932,-0.327701
3338867,40.570936,-75.096187
3983410,30.215168,-97.650207
3138048,36.819766,-2.286332
786508,48.860833,2.336166
3089679,40.051865,-76.314026
3002069,41.884151,-87.632408
2962558,35.530091,-108.726351
4085517,50.771207,0.228996
3212846,37.779178,-122.419259
741364,16.43345,120.585937
2363665,43.39839,-72.522125
4464552,39.714977,-75.076017
3612833,-22.892622,-68.214111
811169,-26.157132,28.038311
1353778,41.383763,2.183704
3899368,-23.585728,-46.925171
2679240,50.44645,30.533537
836919,36.705121,-4.463217
2147324,51.050788,13.819223
778231,40.178414,44.514369
4989580,1.3058,103.848953
1532077,-29.363531,-50.81593
1315169,48.861326,2.393946
3766862,48.835486,2.379055
1884477,30.424992,-91.200256
2459458,40.755026,-119.236464
1066050,-34.580074,-58.441085
3245058,51.359964,1.407172
3034087,43.767723,11.255064
4670114,56.566103,-4.652023
1195947,51.658314,0.058236
1135152,50.635784,5.573576
1876429,31.765756,-106.470565
2159376,46.114003,-1.129617
3082752,40.747943,-74.030525
654779,39.542936,-76.133865
4648923,52.434586,13.571205
1511052,53.031768,4.803857
4003533,29.451948,-103.39368
1020076,52.231321,6.888813
2506031,44.382202,9.92369
2600516,40.992891,-81.492342
2711604,31.816313,34.780311
4964026,53.55075,-3.016897
4749353,-33.8255,151.249833
2748717,47.58788,-120.660191
1764331,29.780032,-95.376434
2322516,42.370833,-71.237144
3438005,45.635766,-87.19722
4726920,45.087891,6.089826
3108828,-12.0179,-38.04871
106731,33.478131,-81.972169
4501378,40.877715,0.154023
2963439,41.984927,2.826083
1610748,42.358845,-71.057204
3909772,50.189827,8.509072
87152,62.292356,6.836071
1110209,42.541571,-6.897182
3289477,36.9666,-122.021552
1993174,-24.86035,152.362318
2687002,6.23557,-75.576496
882221,51.749843,14.298148
641218,45.577327,-122.117156
4034571,19.702637,-101.19524
3274687,-17.482981,-149.918317
4170267,33.106128,-96.81133
3113341,54.945858,-2.75475
746693,53.745056,-0.341262
3903671,46.304074,11.743998
2994408,41.079868,-85.141038
1781575,-31.761614,-52.336431
2435496,38.934543,-77.222943
452875,35.701965,139.39438
2822555,43.843566,10.504988
2692626,44.171146,-69.153163
3831739,48.453171,10.015497
4493963,10.030047,76.301766
189801,52.128687,-0.38883
659885,45.780675,4.872602
3367288,35.584492,-82.558135
4067297,41.386716,2.196643
3584004,40.757867,-74.002447
617180,31.236655,121.493167
4551290,42.214628,-70.812328
737253,22.210689,114.028129
705645,44.409496,8.927668
4982934,57.701328,11.96689
1450877,42.356403,-89.07056
1452804,43.648808,-79.381713
507866,51.347153,-2.940441
2856441,46.047905,-89.380959
997706,-35.311334,139.19
3891667,51.490879,-0.224919
768068,42.05318,-71.275777
1513371,50.447598,3.845579
3710465,43.981389,0.498665
2236837,37.817958,-122.369016
1762759,-33.899344,151.175394
131178,56.810746,-5.076113
1845178,29.377014,-95.603842
844532,32.078465,-81.082255
1065278,44.457057,-93.156027
4731005,36.568183,-118.772094
2406346,34.101162,-118.291951
2679811,38.195291,21.440677
3065113,41.116736,1.248321
4988077,-35.751458,137.334766
3025829,32.716663,-117.164703
2814360,37.291666,-5.907223
4280771,36.1335,-115.153
2993577,5.658693,-67.446441
614454,13.735435,100.541979
2312102,28.366857,-14.056234
4584890,61.232955,21.571784
1567924,22.789586,121.168594
909561,54.908333,-1.387223
1181630,42.345794,-71.096305
1239243,50.832752,12.923768
1211978,42.103141,-83.194897
1713587,21.333692,-157.697882
4739468,24.151873,120.671918
1156413,52.060169,4.479947
5013690,59.94024,30.316105
4435444,45.760577,4.828062
2040218,53.732872,-2.491621
3026654,25.27916,121.535568
1894343,9.008266,-77.765161
1428203,7.905338,98.328195
1154027,42.364399,-71.101943
529011,34.296333,-116.986834
3379172,18.613063,-68.71182
2465706,1.469775,125.229549
2597001,51.313742,9.496564
4303784,-32.224346,-58.133468
3716255,48.886378,2.341337
1925950,42.650121,-2.15332
4683883,46.067112,11.125116
4735094,50.941163,6.958594
5008871,45.488674,9.215447
1316174,53.3495,-1.782334
1658846,38.872842,-77.007594
3385010,9.708041,-84.971694
1544616,40.744395,-73.996009
3694566,42.99764,-78.787486
2351151,41.359944,2.061679
4497712,-5.818392,-35.201225
5006631,51.802955,-4.968953
993994,51.160372,13.45882
3578041,-36.892801,175.720825
599873,24.177896,121.270271
3817780,39.354824,-84.463287
118749,46.206626,6.141014
837924,48.140296,11.573445
3752778,38.503092,-122.871887
3835093,59.318374,18.070235
2296100,49.294288,-123.134894
231435,55.755327,37.61547
828551,42.844884,-0.166168
4629432,47.611261,-122.3325
4760363,50.639173,3.066387
708532,44.56699,-123.266258
4042816,24.689975,46.686538
1628899,50.737106,15.698089
4399018,51.393388,-0.071617
344538,36.12316,-115.171029
4590058,39.818557,-75.562071
2902587,45.432376,6.965155
3608205,41.9085,-87.677167
4075101,38.71304,-9.131441
2764875,-20.274274,-40.301799
745,42.261136,-122.626438
2326449,36.416583,25.432138
3805961,37.803666,-122.269667
4297021,47.614119,-122.342344
2226129,55.860477,-4.253833
1064942,-13.162906,-72.545063
156923,43.130665,-79.259469
