772573,34.383909,132.453703
394225,37.552133,126.987147
4947978,3.154656,101.710052
3312941,33.421072,-111.934429
1540499,47.741098,-53.236109
3029577,45.933984,6.956731
3327003,-16.497036,-68.184821
167707,-37.295154,143.787624
3088622,2.198442,102.245979
4589178,-15.799011,-47.906798
1550693,38.098561,-78.54625
4318285,24.804059,121.028464
2495371,53.358658,-6.409878
286892,35.134518,-89.99015
3091937,44.816848,-87.363487
4131561,48.040647,-122.405719
4361589,37.362926,-5.97536
2982195,27.337614,33.536041
4327273,44.059435,12.552545
2682034,40.47901,-3.572101
3677595,48.614072,-1.957798
1718130,-37.816498,144.96698
330322,36.112882,-115.173239
4229710,27.707885,85.314631
838636,40.60496,-111.703748
1511415,45.418696,-75.698021
1384850,52.2701,4.545915
2231304,52.520255,13.388643
2907414,14.976626,-90.571289
2932536,32.219336,34.988193
1710969,37.764879,-25.638313
3903611,-12.995191,-38.520812
2935550,7.040927,80.022697
1040386,42.426357,-88.158562
316876,32.845035,-96.862249
179072,30.576444,103.956277
2575054,41.430138,-81.662653
1157212,41.6463,23.090515
386417,40.96227,-4.038162
3153906,-22.905849,-68.195137
4276582,57.881915,-4.023141
724029,39.918666,116.3945
2073072,38.695508,-9.208774
1836620,31.23344,121.471195
2592766,52.475451,-1.90697
929167,46.439513,14.034347
2984716,57.83568,-133.58132
4760024,-34.578457,150.778169
4166466,47.096666,-122.7745
3088964,12.143971,-86.23215
4196114,51.126367,-114.015426
4436715,51.574333,-0.188167
4363775,48.851161,2.357597
1815512,41.370689,-122.976493
2263205,28.302075,-16.440525
434405,37.973973,-0.889892
2496944,42.66628,0.505886
1496363,-32.124744,151.960144
4737828,43.604223,1.447325
2785654,25.036166,121.565
3147417,39.286665,-76.613459
3747330,30.15522,-82.178077
3859001,49.191666,-122.7895
3862385,46.815943,-71.212091
3137736,35.02684,-114.384201
1979495,41.955971,-87.673376
3610664,-44.081666,170.635528
1231215,-29.556137,30.360631
361894,41.881943,-87.627553
2285817,39.857213,-4.023598
1226776,78.230397,15.572845
3174054,48.893389,2.237219
4299825,51.514321,-0.131093
1805760,52.237714,21.017419
2409213,44.404666,8.970833
2046431,52.015106,1.090736
1216394,42.882776,-8.528449
2621458,43.695666,7.267785
1838024,40.864004,-73.882026
4317800,44.828847,20.455856
2597583,43.017889,17.782144
1003726,31.627221,-7.992553
886541,38.89828,-77.039115
3248146,43.451664,-80.498263
3331072,44.602201,-110.596618
557795,42.854645,13.575421
3293556,44.497006,11.349606
2380278,25.007702,122.001472
168039,19.416735,-99.140539
2411882,43.044883,-87.923712
4981217,13.415982,103.866918
3533910,40.236332,-76.64933
196756,55.951702,-3.191509
1966708,48.30678,14.286089
402694,45.512424,-73.569511
889927,34.486183,134.069595
3021919,36.15835,-86.776258
50820,51.240157,-0.57307
3045616,29.959916,-90.063557
2472117,40.651764,-4.70262
1114981,39.955942,-75.176117
4951330,-34.60861,-58.374652
618616,3.073623,101.6083
4112620,49.019166,12.09835
5003819,37.848058,-122.25894
2855448,48.141119,11.574783
4203505,54.19993,12.88604
3064677,61.217559,-149.857757
3473421,40.670613,-73.965625
4857965,-23.545679,-46.65003
73518,-33.691852,150.302066
1509337,52.077706,4.315545
1952301,60.345043,5.35223
5006629,37.139,-8.2891
4672726,48.20454,16.368298
1647308,51.501831,-0.12576
1583525,57.400213,-6.131401
1016848,40.195331,-8.419132
3096790,-6.253786,106.832846
2238715,52.212682,7.073349
1124783,52.370778,4.893207
1941885,8.969523,-79.543762
1381382,38.82901,140.794944
1896749,40.710255,-74.012714
2697778,25.037082,121.508445
792571,44.388,-68.331832
224029,37.601108,14.777641
2968059,23.770803,89.792515
1068173,37.544526,-122.305834
3328522,48.579634,-122.346411
3670782,59.914977,10.735015
662080,60.171158,24.927291
2149780,35.012333,135.782833
3403415,38.558569,-82.212581
4259805,51.478372,-3.182575
1373853,32.453286,-114.768676
2229379,53.553515,9.990262
1234971,41.729433,-91.389281
3098700,50.434793,30.557785
4559250,47.500735,19.053683
2347898,46.454061,11.625938
2363530,37.7835,-122.408667
2608511,51.758167,-0.343167
693255,33.77666,-84.375167
688439,35.857891,10.601806
1704964,-38.662132,143.104967
4675382,35.682746,139.765748
721648,51.912352,4.48355
3671359,1.300309,103.849811
366158,52.480997,13.38893
1090460,52.399355,13.047931
450822,53.438582,14.541885
3343105,25.676545,-100.282891
1813077,43.015944,11.975698
3672855,49.482861,6.29671
1705881,44.967652,-93.261265
4590547,-13.165938,-72.542188
3381074,47.150326,-1.613187
2183333,52.092151,5.124693
285683,40.419704,-3.70265
4218985,58.371455,26.579169
3176139,46.099185,-64.731101
3191275,41.89672,12.482343
5012490,42.951164,-76.768892
2784648,43.654552,-79.389438
327754,62.467672,-114.348664
3131308,53.136061,5.707397
3311942,64.218445,-21.428421
4573041,23.161833,-109.717667
1552586,42.993167,-71.420998
437529,36.35,25.7667
689223,34.383608,-101.755285
1467078,39.347971,-77.679061
2688453,18.466,-66.11483
1172754,58.50903,15.415277
3215233,54.367383,10.076469
1278819,39.523251,-119.817624
875905,50.263551,-5.062766
4017592,57.147811,-2.15671
1257509,40.806013,14.355697
2262018,12.9075,77.584666
3312100,10.782552,106.686172
442565,44.647425,-63.577494
4238810,52.108371,-0.851557
4264076,39.021117,-94.621381
671402,55.862717,-4.296684
1312990,-34.928445,138.600425
1422953,39.949378,4.0594
1042255,61.644077,7.169758
292025,35.329884,-120.740658
3859178,28.527301,-80.731916
1870678,51.550218,-0.015149
4529956,45.124364,1.722896
1935406,47.390938,0.693718
2077026,48.296499,-4.183731
3244597,-38.370732,145.132484
4918097,52.953421,-1.148532
2442087,59.940447,30.313785
4182868,52.262155,9.762854
2923810,45.567488,10.824279
3212198,52.007254,5.898767
4079752,44.091833,-103.204167
3474423,37.745029,-119.583869
2385740,44.196728,-91.799526
505157,45.164913,9.170236
4228273,33.490555,-86.775659
1179736,38.797108,-9.390349
4608169,-27.462594,153.024774
4752318,41.156427,-8.614311
674772,51.429651,11.979968
1409781,39.590386,2.675042
4292922,-33.937894,18.468875
2065,54.956,-1.586
3762042,50.275814,4.787873
956983,50.778776,5.791688
1582261,40.9659,-5.669605
1499061,51.132831,17.03988
2195750,40.805833,-77.858889
805257,18.973831,72.934112
1417556,39.160763,-85.081064
4364211,62.778822,27.484445
1474521,38.599415,-121.453524
606942,56.173413,15.046274
3509756,-33.4355,-70.647667
4030942,-36.853166,174.768045
1971881,39.73427,-105.004363
4136892,5.477932,73.038139
3015747,49.197375,16.60224
3530746,39.659214,-2.157407
328220,21.03349,105.849494
2867896,33.566833,130.228833
1147650,46.002971,8.951299
2327260,35.926666,-79.077834
1056742,34.239643,-77.907333
2068485,51.446304,-0.876932
3887956,51.519512,-0.092396
1901060,45.756082,4.839574
2032827,40.570818,-73.983596
4171144,34.148509,-118.11023
1706063,42.351122,-83.20723
4801477,25.167892,121.445446
3562375,13.828608,-60.992206
4915283,40.1115,-88.255834
790867,41.296574,-72.918791
2834591,37.226663,-80.413184
444360,33.119186,-117.235815
4331806,23.5237,120.377197
435798,44.275211,76.71305
2296729,41.387917,2.169919
242780,52.503918,13.451546
270854,51.423938,-116.216983
1317479,41.575697,-74.022241
2100389,51.753987,-1.262301
1933698,42.729739,-84.485099
1969672,44.848842,-0.576782
4391588,39.473094,-0.37477
1750082,35.807233,140.182113
1807713,41.233655,-96.178586
1270496,37.547166,-77.454
3283904,45.436766,12.33078
2180114,34.681499,135.498933
2805609,50.582227,-3.674688
1769144,19.603781,-155.544433
3641654,36.46768,-116.893844
728534,42.691199,-73.738467
2687743,29.75008,-95.396668
526646,44.053667,-123.093298
1122380,30.321496,35.454017
4975178,52.514617,13.315705
2951436,22.299011,114.156013
1756545,33.78999,-116.326246
2398207,54.437391,-3.00832
61436,33.346769,-118.33043
1312823,59.332168,18.062429
101666,13.743282,100.529592
1524872,-8.519909,115.266151
273882,48.596311,106.050435
877015,40.441745,-79.990038
4556007,41.655471,-0.882511
3556090,47.023776,-119.968847
4248834,35.220099,138.851222
3540102,53.214025,6.569448
4829806,-1.758559,36.059211
3129339,40.704379,-73.984594
3769868,40.461282,0.358729
901112,-33.867849,151.207923
4617309,47.64166,-122.101449
1356618,54.367758,18.663024
2926925,51.462122,5.437932
2466311,48.886786,2.34704
69068,56.655094,-5.036888
971413,51.480313,0.005064
295169,-0.675643,-90.406494
20681,42.673128,-1.810684
2102166,32.949334,75.113868
181553,51.443375,-2.567619
906390,41.609474,1.843686
79503,20.749607,-156.357421
1246323,-22.897683,-43.220214
1079956,45.862281,-84.68502
3770174,-42.685463,-71.845092
1263519,47.589243,-115.328902
2715993,45.149479,-79.665126
413387,47.357504,11.131403
2887176,33.800047,-117.92098
2033457,36.618433,-121.901668
2625070,34.088897,-117.397216
2639246,43.260487,-2.929787
3630031,-42.87962,147.330962
4145385,51.278696,1.080973
3986765,-6.9358,-35.667198
352281,41.66137,-4.725151
16867,20.687084,-103.38212
4898841,-31.956823,115.845594
4523192,-41.258984,174.778962
1704269,48.848316,9.09257
3918541,40.762666,-73.977667
3476085,38.715342,-9.14173
3085929,30.271333,120.094167
2618690,13.944236,121.130942
3801528,23.139289,-82.350806
2192972,7.152844,0.470352
198800,48.858585,2.294375
1770001,53.477421,-2.239515
360441,51.205261,3.236632
4010568,10.326502,-84.84015
4538052,44.925006,25.994746
1773774,47.728629,13.039376
4039257,-41.77601,146.23449
3493236,35.004862,-92.803037
2409349,40.275858,18.04779
959351,43.67979,-70.28366
938631,56.156369,10.12934
1575191,18.810524,98.948707
2589539,50.756088,-2.002494
2859467,56.514344,24.237717
4326645,20.508872,-87.211983
778169,20.92494,-156.692749
4037315,48.014932,7.639145
2200023,55.745569,37.61444
493816,41.520516,-83.631886
3244568,50.049967,19.952802
602736,48.784756,2.092723
2378800,49.281972,-123.121204
3386910,31.795516,-106.351722
989567,43.770721,4.122383
1290891,48.43676,-123.39112
2292310,40.644014,-4.018549
3029398,51.537914,-0.136857
4733022,39.289804,-6.380996
2901909,-35.289014,149.131379
2588733,66.495475,25.702965
4339533,38.715702,0.050135
205934,36.846439,139.589767
4296014,36.198424,-112.053923
4145585,38.45631,-122.720975
1311477,52.632398,1.297513
3416253,28.492229,77.172775
2766166,43.352925,-4.062924
427229,40.366427,8.931198
2636883,45.07055,7.665195
4506492,63.670539,20.11856
3020472,50.824501,-0.139833
4193299,50.67362,12.737736
3703275,-25.542441,-54.577331
3442773,49.247568,4.028999
3342898,43.061078,141.35626
430634,49.523363,10.963502
1313244,45.523833,-122.675834
2658325,50.086611,14.419491
4953119,46.617153,15.683873
4326630,50.938959,6.959849
2642608,40.551243,44.748001
3691844,-26.480637,-49.066722
411007,48.870685,2.779476
497550,49.419014,0.196981
1949508,47.274833,4.275666
993596,48.861072,2.335882
4365407,30.50672,-91.201382
4948307,40.967941,-75.51062
3957640,36.648313,-118.683671
3591808,46.900833,7.448833
1258852,-32.190722,-61.718101
3703788,50.635825,3.063018
4228351,43.769253,11.255568
1969680,46.225905,6.147161
4668966,51.498825,-0.180603
717687,25.842408,-80.184281
4162666,34.421901,-119.699089
361015,40.34685,-74.6505
1731111,43.472904,-1.484978
4795515,42.222606,2.820997
3942914,41.815999,-88.247667
3411065,-36.377067,147.211303
4326044,38.715954,-75.081768
4471422,50.828574,-1.190299
3506302,43.721133,10.386714
386430,32.789583,-79.935944
193633,68.89873,18.268725
3015440,43.609017,-116.203212
237928,44.696809,10.644958
3793720,5.417247,100.337855
176290,35.526058,-82.962112
3706558,47.369756,8.535604
2173410,55.680294,12.569732
1184244,41.637897,-86.154119
4015357,53.088016,8.802001
1343419,50.103877,8.663533
851902,19.884166,102.141666
744085,63.428076,10.412034
1020563,43.360063,-5.844769
3960210,4.654448,-75.05722
4815189,50.864572,0.575044
3441768,45.341849,-121.674219
230740,35.782745,-78.656551
1914299,39.987292,-83.010635
2000854,42.211116,-72.57358
4428721,55.600335,13.009936
3475943,-30.033889,-51.227989
3213081,47.363587,9.53949
4256571,36.342127,137.64689
4802722,29.432122,-98.490886
1084055,52.205187,0.119014
1710070,53.376833,-3.043334
1057453,-12.427419,130.897765
2885524,42.358872,-71.087964
2235992,44.122314,8.153829
705419,10.7315,-74.214834
460377,57.703711,11.961836
1231126,47.141613,-91.467393
721115,34.049555,-118.253744
2236348,-25.340501,131.04637
488259,50.233343,19.025616
4129750,37.170391,-3.60542
2130436,35.227304,-80.842423
3999393,51.456547,-0.321464
3682204,50.855206,4.360365
4358729,49.89088,-97.18589
2868145,32.64709,110.78639
2835727,36.826943,-76.150242
3970268,43.339349,5.41171
964677,45.621984,13.788914
135415,22.072914,-159.511871
2374007,52.022276,-4.361035
3921502,28.921574,-13.673107
3956350,49.91105,-119.487133
412937,35.439973,139.614257
3705841,37.975961,23.720126
1344209,10.489837,-66.921844
1171455,4.165465,73.496646
3947558,22.649185,120.333423
2506798,-20.87276,55.44833
4203238,28.361769,-81.593087
2792291,21.304311,-157.848601
4084153,41.703166,-71.163166
1507426,-37.832309,145.358337
3004279,35.672183,139.692327
4490210,51.506833,-0.077834
542726,43.078041,-89.391031
2787297,8.088802,98.750038
4309957,37.792045,-122.477474
1546091,37.377545,-122.029899
3242258,50.294658,7.337354
3853238,44.344778,-73.108879
4952666,38.634765,-90.262416
2916886,32.078124,-81.088585
462856,35.666166,-106.408834
2856364,-24.529789,28.106374
2310762,45.472545,9.188454
3166630,53.832168,-1.486158
4065312,9.919478,-84.028759
3644370,40.321194,-105.606712
2653761,40.732039,-73.994636
1025282,43.076348,-79.071671
328124,41.250838,1.084728
536668,49.507496,18.567863
1378284,51.055665,13.748542
4130702,30.268652,-97.743365
1937124,24.143833,120.730605
2418149,19.965505,-75.808558
2206500,46.795667,-121.736621
3019137,25.207736,55.053863
2455487,50.703163,15.67145
3929815,35.869285,-97.018268
5014209,36.171829,-115.139762
1960259,47.669072,-122.349736
4393407,41.990166,-87.900334
1192490,51.424433,7.040241
188731,38.768506,-9.092967
4260819,32.727147,-117.162837
4392145,42.959912,-85.673714
1352163,-20.310098,-40.340423
4309479,34.006983,-118.481363
1034228,29.931469,-90.119476
2528108,41.013897,28.984304
3636903,47.609635,-122.337398
2452727,-7.655702,110.43972
4453471,43.316503,-1.981927
2038029,34.106426,-118.342109
1652340,41.60359,-93.635236
