4627018,48.48649,7.221944
1231121,24.054052,120.511275
73786,57.15382,-2.10679
160246,50.779,6.084333
2861835,49.061157,-122.104797
537003,-31.760502,-52.33612
3572019,48.114272,11.741917
3760184,-35.291633,149.127007
4180658,11.604232,79.512863
176377,37.7625,-122.434667
3469110,34.209717,-80.244398
1551798,32.88641,-105.688179
894143,52.090746,5.117139
1344180,37.139869,-8.545326
3153999,38.549088,-122.525878
192063,50.883926,-113.957654
1261640,48.034994,-90.40512
3723709,51.516881,-0.17695
3501998,3.5675,98.62485
2084223,39.093098,112.228667
1360719,48.12084,-122.763204
1470574,34.008131,-84.277045
2072609,45.735481,7.322216
3742306,54.164814,-4.492474
2493856,41.425094,-8.67259
4593635,51.2415,1.136054
2579414,46.463403,6.836671
1185760,50.119876,11.83073
2168969,54.227175,37.625296
44309,31.530985,-97.202203
2271444,17.009741,99.820469
3211284,37.140451,-3.561673
1911670,35.737838,-105.933952
1315653,47.67488,-122.129838
492417,48.441244,-123.555872
3752629,-0.675042,-90.399541
1566265,-37.924159,175.822792
3285425,36.14841,-115.462703
3243984,43.2585,-79.877667
591535,53.900292,10.776214
2835499,57.939833,12.550833
2581862,53.96015,-1.084545
775163,39.1605,-123.198334
3415582,48.757002,-3.451242
3550648,50.816449,-0.489406
2087163,41.399636,1.785364
4650782,33.100745,10.677337
3176614,36.157922,-86.616854
3316664,49.1795,-122.745167
4564477,28.596278,77.236804
1802614,-19.92376,-43.943413
868724,43.467029,11.04034
3758370,38.932232,-77.052054
1462705,52.339763,-6.46407
2381836,39.365757,26.260499
143325,45.285636,-122.695441
1343413,38.030977,-84.510375
4496304,42.098678,-75.91127
446106,47.11021,-88.498464
4366120,47.616346,-122.319116
3388743,36.918113,-111.309837
2449540,47.60732,-122.17844
1445056,52.433055,-1.921903
2541732,-36.308485,144.694061
2099311,24.78802,121.278591
2752586,54.686294,25.283883
1732738,54.14596,12.111482
3608084,37.794567,-122.401782
1204320,-34.470618,-57.842974
2234205,37.544394,126.899355
4436089,-38.151297,144.369707
1847304,58.942127,-3.2135
4602299,56.285902,21.859875
1314252,43.622146,-79.375943
1863815,46.234804,6.118547
874037,52.4971,13.425378
4424271,41.006459,28.759975
3746222,-34.926471,138.599914
3776682,48.199747,16.346483
2605652,52.408362,16.926391
3598268,47.183425,-122.27536
975781,24.861518,113.612365
768570,49.287613,-123.132448
49392,39.046727,-77.145609
468968,38.062207,23.807963
1462264,45.570666,-107.428002
3440451,55.949905,-3.187483
4429850,33.612833,-84.444667
3068416,53.75422,-2.447064
1536766,30.610362,-96.341745
1820743,43.469333,-80.511667
4489927,37.516125,127.072334
3265505,36.147448,-115.156395
2941171,63.427606,10.413
1449955,39.218281,9.114897
1200419,-3.75,-73.199996
2195473,53.355354,-2.284843
2238612,60.162223,24.925746
2199637,40.584365,-105.077512
4044877,18.413984,-76.93571
2466235,43.58965,-89.781953
45234,49.44038,1.089329
1521464,45.469147,-76.802201
2508053,31.625833,-7.992167
3569889,52.379476,-2.294168
1107427,42.343161,-71.24372
213132,35.469639,-97.520683
1513901,22.940056,57.525787
114138,-33.877167,151.217666
635025,37.152261,-88.732945
2840069,38.48599,-122.844451
582588,56.837822,60.608863
3925246,32.53413,-93.706649
798816,48.677955,6.165132
1439683,35.2022,-111.645319
1731105,46.518831,6.625957
2568154,45.993261,-123.925226
4358893,47.560326,7.591215
3326350,37.770236,-122.466781
1074549,42.360975,-71.089102
2500768,43.867981,10.825524
4583584,42.99184,-71.463155
4432156,43.904108,-78.856108
3453080,47.615782,1.517593
3126666,32.708832,-117.162719
2203974,45.424314,-75.695114
1824457,52.640094,4.738605
3829276,36.116522,-115.173346
1442065,45.566227,6.771011
3100045,29.038302,-80.901056
3760467,48.398465,9.992494
3819035,47.564777,9.382817
488069,43.52884,10.322341
2574126,43.391888,-5.166106
2748732,44.045635,-123.083854
4483168,51.806598,4.687986
1275990,34.543274,-112.469015
2517501,-32.764181,-70.103759
1767904,28.436119,-80.659667
95585,37.891399,139.049835
558561,42.126874,12.160835
4412277,50.874,-0.558667
1426635,48.870895,2.779249
3016591,33.451188,-111.384534
2838631,42.46572,-2.449985
3806160,40.03875,-3.497606
45062,-22.471518,-46.628336
527381,50.939,4.039333
4069480,1.469775,125.229549
2647797,44.991633,6.277484
3183873,39.640991,-75.749015
1971012,1.355569,103.876247
459853,51.634666,-4.032
1066312,38.647645,-90.246076
3088972,59.94506,30.324239
1402369,41.935436,12.45864
2492820,54.400247,-2.981243
1745633,41.90311,12.495759
1140767,38.859986,-77.283303
676232,43.739429,7.427476
4220959,37.797983,23.772182
3322298,45.575059,-75.88437
3788814,40.75269,-73.977202
2197887,59.217024,17.769184
3623281,52.373111,4.892209
4271431,37.453166,-79.1905
844130,43.329298,-3.030681
52409,-33.918,151.238
2965504,40.855954,-81.431264
529070,50.943328,14.245063
2820033,-25.977953,32.585535
3015191,48.30679,14.285788
4431598,40.720916,-73.993992
3435321,41.89112,12.486498
4197450,52.952705,-1.151308
2444673,-23.54202,-46.728195
2769790,39.795051,-86.238684
2495649,16.938587,-89.489135
2812172,38.2445,-85.7425
4359076,44.435472,26.097078
3571627,39.28228,-84.484605
1393372,21.304258,-157.856959
4590622,-19.47436,-42.553482
233744,50.375302,-4.14133
4440395,43.258277,-4.830583
3432403,40.427675,0.415377
2240486,49.8436,-99.964056
3067867,35.701848,139.745112
4238272,-35.505959,138.779296
360483,-25.33987,131.039093
1511791,46.508081,11.743526
3962666,42.304872,-71.10904
1448217,51.351796,-0.214952
1084352,40.745667,-73.989167
2536729,51.092418,-1.814911
3686452,45.687751,13.128849
2126256,45.530277,-122.687438
2676638,51.344933,6.179208
3744393,50.775224,8.766703
3994062,48.840366,2.248635
1799089,41.892055,-87.651672
2457531,43.839247,4.357677
3068264,37.126039,-7.650647
4403421,40.781386,-73.973908
1966104,51.629333,-0.755167
4098050,37.464094,-115.488567
1150097,-23.190168,-45.890322
3094075,59.328538,18.10468
1769568,50.863015,-115.176115
4217350,43.668159,-79.377792
3890540,33.564929,-112.303749
1818926,46.200983,6.149597
2848094,-39.146585,175.584427
3719360,32.390471,34.92727
2379856,50.827029,3.247747
4452838,40.655313,-4.698715
4397040,47.553417,10.751237
691901,-34.886067,-56.151667
3112915,44.460625,-93.151976
4692506,58.816167,5.730833
3731535,53.453215,14.546327
54038,30.424992,-91.200256
1888807,35.035618,135.714111
4034843,29.885132,-97.944467
3789181,40.942661,-124.100982
4681729,45.434358,12.324428
4589500,-32.319851,-64.957351
1411480,46.000345,9.29394
3981525,51.440666,-0.061001
1347826,-42.87962,147.330962
2829915,40.753791,-73.983607
1739287,54.611224,-5.897984
3135684,51.556235,-0.280065
3897394,54.351588,18.649914
2816803,48.5175,2.104
4223120,36.012167,-115.174833
4591623,37.946092,27.326645
3734822,41.859141,-8.777647
4452613,52.275982,-0.84114
3544068,34.262596,108.938826
3541984,30.465616,-89.072599
2303915,43.446576,3.28944
1640815,51.752576,-1.254587
3883228,53.008276,-6.345806
4579743,55.912272,37.39746
4229226,-23.63192,-46.719604
1486229,50.777491,0.242725
1335975,42.363998,-71.101713
243789,51.507971,-0.09922
4075747,25.035166,121.565166
366672,39.578537,-104.883899
415778,57.637223,18.295712
4694668,23.123618,113.26857
33356,51.815194,-0.817515
2865196,46.699458,-71.427125
2846802,47.652567,-122.347483
3084451,44.807614,-91.515823
4027375,37.714211,-119.673213
1475329,-27.596077,-48.525967
4125759,37.899688,-119.221401
3809930,43.358358,-5.848614
4114988,22.630173,88.434019
1929405,39.666895,-105.206837
4121549,56.045845,12.690281
2356172,36.383167,-116.827333
3752961,41.902347,12.455689
3891456,43.819111,-79.186025
1733628,36.390334,140.460205
723352,49.649903,22.556176
2688302,27.710715,85.348706
3761876,35.670586,139.702947
782610,45.43362,12.331316
4604043,51.220539,4.40483
2596629,51.464939,7.00219
4505797,-12.46261,130.844732
353348,40.276317,-123.886342
472008,37.393635,-121.903181
266175,38.91509,-94.702832
4530185,29.560504,106.597766
2373657,51.471386,-0.454387
530690,53.40375,-2.987251
3957057,51.519398,-0.126922
495958,37.225407,-80.415115
1130850,55.551577,-5.084609
3248867,53.148211,-4.056701
1868002,34.073715,-118.240109
2697315,-22.357577,-49.095711
2738988,39.473336,-0.378508
3006539,52.519041,15.299148
3563193,45.694767,-0.333752
3625115,43.783984,11.256179
3737398,35.978006,129.001464
4222914,37.762908,-122.421699
1827475,62.40395,17.286214
780282,58.336492,13.84986
4250598,51.513763,-0.098447
4264857,51.502438,-0.113575
3322303,38.330101,-75.115789
4603300,40.7485,-73.985699
4457191,55.597565,12.995098
2269155,51.179047,-1.826562
2623690,51.5665,-0.146834
672821,44.516644,6.751699
629905,43.551409,5.032939
3199035,59.810778,8.642764
3221833,22.253702,113.862352
545166,-25.302519,-57.644548
815701,51.157142,0.255603
615285,40.658837,-4.024214
301205,40.718428,-73.987094
411999,51.287435,12.387664
1167771,39.110516,-94.5825
2279737,-50.486456,-72.965955
2395079,60.130264,23.542242
1604190,-22.384364,-44.116973
2200847,25.056833,121.618051
2024600,44.371047,2.630838
3612310,52.210828,0.115442
4145620,42.697671,2.889404
1667230,-37.797167,144.8875
1241340,38.577292,-0.213031
2560174,49.12107,6.172481
1021961,51.326384,12.317846
4162961,48.872631,2.366669
2868353,44.58997,-87.866045
3000264,60.102193,19.942866
3236143,45.407173,11.875266
1237291,39.952632,-75.165957
464277,34.478259,133.975524
1286965,41.14691,1.155581
2314381,19.529199,-96.916519
1667984,35.617072,-79.150389
3963319,39.78535,-94.803776
2012100,51.428112,-0.156383
2683576,41.045051,28.991117
503850,52.973893,6.109868
4323087,51.505648,-0.090765
4393387,53.553746,9.933121
3461917,40.365822,-75.955502
2857864,10.414075,104.042211
2737118,-33.398628,-70.535788
3794035,45.515842,-122.71091
3209478,46.226046,-122.188911
1933609,42.347364,-71.081607
2357706,29.30485,-89.957427
2138539,-13.270834,-72.186464
1170371,54.585542,-101.40119
2370613,24.156416,120.66621
2090370,36.915107,-76.299512
3944446,38.724582,-123.472697
2663676,45.811683,15.974238
4327087,43.550538,-79.690318
1205015,52.138334,-10.267753
1842669,42.359178,-122.537244
2920723,45.647655,13.772338
4486443,43.642907,-79.386734
1458085,19.048001,-98.209877
2239069,40.325215,-105.683294
3727604,-22.241119,-68.320541
4198312,-29.315141,-49.812011
410195,23.077283,-109.711017
3653690,39.733594,-105.713882
1548784,35.232159,-80.842895
2760794,46.478057,30.738156
983134,52.222962,21.004947
2355508,50.951424,6.902546
1754129,43.718636,10.399417
1738821,-23.424109,-46.48384
3567778,32.0485,118.778968
2540320,32.561254,76.13079
2392994,51.478801,-0.62466
1005613,51.206486,-3.474619
702068,35.788541,-78.660049
4155098,43.034525,-89.536643
1403127,48.88617,2.3415
332059,45.598605,5.913219
4141100,37.54684,-122.302229
2743632,53.344684,-6.259143
3373127,43.28714,-2.21176
729082,-35.278024,174.051201
838148,43.075275,-89.385795
1821707,37.490829,-122.255494
534611,51.594281,-0.130805
18312,35.453608,139.632947
4308650,-33.897033,151.179052
307378,52.191249,-2.22092
3860442,60.994183,25.648194
3093064,51.93521,4.480844
1572987,41.625034,0.625512
4075533,39.870535,-75.673667
3126943,49.225566,15.338569
3668226,42.588072,11.301508
3272833,40.108168,-88.22633
2877964,41.906036,12.482389
4689666,24.970609,121.235936
1198380,45.51469,-122.678371
1081911,51.045211,-114.063171
3393719,50.909877,-1.40422
3563513,24.862199,67.054184
3868350,40.348465,-74.656101
1653600,51.174069,-115.56982
1481032,40.601865,-73.93434
3396709,52.453054,-1.718287
3615885,45.447562,-122.775152
233534,42.374306,-71.11949
3580151,14.042504,99.502401
4532506,44.3689,4.789781
4010324,14.3565,100.567333
2131919,52.159663,4.488138
3096253,48.106055,7.296295
4316859,45.193968,5.72945
1418650,58.766906,16.990356
4283232,47.557392,13.67962
1269860,-29.901525,-71.232948
797435,52.078662,-0.348129
4522006,51.680711,-1.789183
1785939,51.428133,-1.854414
1209774,59.623,17.859167
2433346,52.525647,13.389673
3705892,61.442091,5.809535
4555120,52.226761,6.097519
2543632,36.755286,-3.840794
371890,42.400129,-90.368947
2884092,39.286418,-76.614982
3408632,38.676129,-109.55738
2359680,18.798824,98.978061
2797706,45.043084,3.880577
3635651,40.232035,-76.663799
4087768,49.217597,-0.401
2802190,51.487463,-0.219803
3438606,36.805436,10.179176
3972858,52.492005,5.071735
929815,46.78445,-92.093861
770069,41.542537,-70.601534
636185,43.088519,-70.758866
554576,41.127819,-81.510337
1165489,40.7335,-74.209834
650065,51.958547,-9.577417
2804056,55.998284,-4.718284
4521668,59.334335,18.059515
4247432,36.882,138.745666
1140629,47.918527,-124.603414
3194789,46.704792,12.216796
672883,40.768898,-73.982706
1287175,40.780232,-73.9626
671969,51.504896,-0.076217
3674245,35.363344,24.475082
3361064,43.116005,-2.59797
2736688,11.333127,-69.874308
2622274,37.579412,126.986846
92091,23.851537,120.910634
1105355,52.279833,5.1645
2273568,45.577763,-122.116298
1101260,49.894353,10.88683
2803919,37.949916,-120.417119
4569250,37.580627,22.810363
557412,35.651492,140.047319
4155499,56.772693,-5.007576
1348235,-35.43277,-71.629829
2444578,36.127632,-115.167499
889220,19.89048,102.140579
3273228,-37.786996,144.970092
3579971,41.965983,12.799715
2713758,51.388713,-2.832839
2685353,51.243676,7.189779
4567089,37.445451,-122.162454
4432284,50.087285,14.418783
1872230,36.437256,-114.506839
4691937,15.186961,120.557956
1972216,46.580781,0.34727
4487774,46.592633,13.73635
3186492,50.940105,6.95728
2988699,41.389052,2.187277
3019833,45.465333,-122.647334
238183,59.858975,17.633399
562875,48.130479,11.547188
1802552,37.452961,-122.112326
4215542,52.447313,13.574402
4511721,42.346587,-71.042119
4542380,28.357917,-81.590512
829410,51.749843,14.298148
2617529,-20.386056,-43.50717
1804277,20.933785,-89.019556
740076,-23.60902,-46.64649
4410573,48.984512,2.292194
50000,46.947684,7.447099
3852887,43.688348,-79.302792
3117022,29.649775,-82.348344
2342965,60.318907,24.966725
2066567,39.134787,-84.40916
1202558,55.505208,47.470035
3918079,46.78813,-121.738386
594516,41.201889,-96.031799
2867419,40.207328,-8.426363
104876,46.176,8.7935
698385,43.508059,16.440042
2306132,31.307155,120.615291
2008512,49.891302,-119.466361
411869,45.285153,-72.74168
4530441,43.381407,-4.102558
2643024,51.382709,-2.35897
653753,-23.673669,-46.537537
2067074,47.50043,19.074282
1172282,35.083955,-2.212715
1707102,-21.686143,117.392005
3321968,40.231305,-74.832876
2733117,41.88969,-87.626481
721072,-5.136979,119.41876
804972,13.506694,144.800111
2936111,41.882498,-87.623262
4587540,43.610756,3.877143
353974,56.033691,-2.702808
1753093,44.02169,-92.465652
2151415,-25.827088,20.31372
880951,41.921949,-87.638025
4170481,35.928493,-86.873638
180454,38.345291,-0.494127
377366,17.061564,-96.725156
4518019,52.417504,-4.061336
4650420,-39.694903,176.901683
1261736,47.596888,8.727958
321618,32.525684,-117.016067
4329645,46.813477,-71.211501
2244785,51.461986,-3.165738
770108,11.962993,121.923558
2641870,47.996369,7.849398
1087421,17.003523,54.112493
4180260,48.218916,11.624312
4246182,42.973506,-3.044199
1206209,39.265354,16.259958
2191610,37.625312,-112.164058
3823692,35.633302,139.881019
891458,42.230392,-8.733015
1579154,34.972924,-85.349736
849857,22.315817,113.936462
1046526,53.372985,-6.269931
3342588,41.225489,1.724059
294970,45.182838,9.152598
1378803,34.077639,-117.325588
1703901,32.878469,-117.234249
1423363,47.439782,-123.118554
2506824,45.759399,4.828969
3122112,-33.823367,151.070938
4162148,43.525101,-1.4873
1929548,8.971333,-79.539
1514521,60.205067,24.654196
4628502,52.568501,-0.4022
2353721,33.620739,-111.897994
414332,22.866052,121.185207
1195213,51.850731,-0.539445
4089854,32.297508,-64.786634
3602465,41.320235,-72.074432
1220865,40.71455,-74.007118
3705001,57.661267,-6.366899
3321037,56.031551,-3.479468
3776637,44.076856,9.909496
2612210,48.345447,-0.279829
2915953,60.489873,-1.627178
172929,35.96651,-93.25633
4607915,37.859404,-122.486486
3043967,47.050505,8.313431
3991920,52.334965,-0.165857
4487164,40.709271,-89.592132
2218257,40.105945,-82.82754
4299905,41.846802,12.578487
1610402,41.283418,13.25627
2873653,-33.450349,-70.661315
3711844,48.137222,11.575608
2791834,53.216788,-1.073774
3917844,51.885815,4.631595
3018889,36.585622,-121.752548
4120699,29.360963,47.986682
3097778,33.760333,-84.386834
2356525,26.222963,72.970208
3842218,-24.854317,152.366283
676660,47.323872,4.923226
1856236,45.96368,12.655391
4695127,41.898256,12.474868
3666050,44.837437,11.621239
2502738,45.535092,-73.628997
2107049,35.151667,138.993667
3813835,49.228309,19.988064
1708493,3.451137,-76.515483
3950720,46.813045,-100.785942
2119620,51.598454,-0.238298
4479225,-33.385944,26.395683
1433761,-13.516836,-71.978559
2581249,-26.143839,28.041177
1484126,37.778889,-122.396069
3056070,35.272461,25.723156
4122677,12.939987,100.919151
2431094,49.924874,1.071978
2320273,41.382218,2.112872
985748,48.858362,2.29435
4182023,40.761258,-73.97705
1006594,-33.438908,149.557034
1962920,32.079411,-81.084197
2935484,40.756944,-73.986568
2445614,44.445201,-72.651536
2416769,43.657343,-70.25411
3955131,42.627643,0.828437
278752,1.286558,103.853116
2679616,48.202541,16.368799
2128847,49.338881,7.182998
508237,36.556808,136.654815
751242,39.009642,-76.912815
4283316,54.26897,-0.391023
4686966,62.292755,6.875209
2531444,61.049395,7.811965
2449986,47.550254,19.053297
442498,-36.851787,174.767452
416479,59.916245,10.747406
2359759,45.464796,9.189527
4061577,41.292919,-82.217346
3697293,42.012666,21.416709
4515592,51.344236,1.047816
1850586,35.36133,-119.025206
2943117,47.873353,12.42279
3305356,40.741164,-74.00618
4538612,33.955474,-84.550216
897080,40.20759,-5.774517
1530319,-37.602128,141.719555
2650142,56.171934,15.047535
360048,42.058716,-87.696293
1690468,47.236354,9.751224
2943555,47.81081,19.012079
3916456,23.991741,121.588096
1804012,40.668123,-73.9651
1968547,36.761746,-119.798859
4590828,45.312522,6.548127
1196281,40.428152,-3.690259
688127,48.67078,-1.85527
3700824,39.649566,-78.758132
1737591,45.434463,12.338891
3960855,35.962558,-83.92575
2966002,44.837468,-0.577479
1328157,59.918021,30.383205
2715340,44.900176,1.327586
2744297,37.179351,-3.604288
3854705,30.135347,-95.448516
4383330,46.722564,8.432178
925761,48.866606,2.334294
2662513,38.968343,-84.686039
2621687,43.528482,5.447416
150351,25.170741,121.441352
4665499,37.873603,-1.09709
830458,-23.746614,-45.348673
1835584,22.996055,120.202416
1548299,36.00016,-78.909431
1491110,52.075496,-1.020612
1198255,46.517059,4.676742
1999170,52.482192,13.389834
4101942,50.848135,4.352189
328218,43.811487,-91.245102
3772757,39.236538,-120.224613
2573230,46.210333,6.142
1356782,36.152272,137.627288
4171730,25.07798,121.233444
991058,-14.289384,34.162008
533272,53.134833,-119.0795
418649,-33.841334,151.241655
3817584,21.95626,120.793733
3358380,7.11997,80.318298
4391277,47.6295,-122.360334
3037917,46.375692,12.280611
3867091,60.584564,15.68058
496491,48.180833,16.304833
1845683,48.425555,-123.36668
1003338,52.022897,-0.734882
1296638,-18.761348,47.561608
1847307,42.354151,-71.068357
2881600,39.27738,-76.575661
2717731,46.069896,11.480197
353579,43.994,-71.585833
732862,25.075177,121.522816
136368,51.213335,-1.517271
3610206,43.268331,-2.941761
3019771,40.443885,-80.003997
2504609,58.279209,11.466743
3867046,25.244113,55.306068
237606,48.107509,-1.68447
2062211,51.608325,-1.252093
2674719,49.794923,5.06989
1058840,52.125722,11.641237
2953385,39.097078,-84.507222
1731008,41.844453,-88.219785
2569534,20.199586,-155.892595
1543469,34.23123,-77.921347
2708440,55.739055,14.191246
1440676,51.574285,4.743593
2237777,22.390599,114.296532
3891159,52.786672,6.895723
1778052,47.501344,12.192206
2646661,51.343877,0.534725
640203,19.558434,-99.262621
1119705,45.488057,12.247009
376881,42.278166,-83.734735
2926713,46.669671,7.123839
724239,43.048694,11.65512
2453850,26.920233,75.798797
4005633,42.45918,-6.770324
1634795,34.796833,135.477828
425349,53.360335,5.217733
3748300,43.1839,16.670379
690183,26.87063,100.226726
3099715,43.353144,-1.694641
2623504,51.52038,-0.072536
2647344,46.615664,14.251842
3362781,35.013379,135.750572
1598333,41.987024,2.82575
491500,36.12154,-95.934097
1763534,51.504166,-0.0155
960373,52.143686,5.364633
3097491,48.891983,2.238263
4595719,31.177706,121.421241
364476,54.774665,-1.575486
4101108,39.628611,-79.959445
4515891,51.173355,71.462974
4102489,43.488299,-73.666076
1808726,-17.685895,-56.030273
3539604,30.460128,-90.051955
1034199,-33.539534,-71.600646
813073,51.75764,-1.261196
1880216,-22.908989,-47.067832
876828,47.268,11.393347
1737272,10.005959,76.710319
3002752,45.77086,3.083853
604751,39.887666,-75.163001
2138859,34.751319,-92.317382
2273377,50.873755,0.011018
985386,-8.674339,115.263613
4507523,45.514352,-122.641158
1758137,42.685732,-70.765557
4542028,55.587,-2.871
1451249,40.781141,17.234813
1819023,40.864645,-73.931958
2506972,-17.704428,177.22503
3978260,19.706596,-98.834381
3227834,38.861561,-104.921203
3718196,39.331977,-77.720473
4539714,33.811172,-117.918914
2306472,41.596766,-90.343837
1536339,51.219263,-0.163636
2170277,52.511846,13.242774
3656588,13.73036,-60.947391
1874445,38.081072,13.312597
1941859,34.683722,135.839697
2064667,54.970298,-1.601214
2718044,34.108961,-118.290867
4539565,12.963743,77.573089
186201,40.711215,-74.012521
3567536,47.004992,6.919836
3952716,37.743036,-122.416191
1644272,41.695923,-2.717238
3198949,-32.932146,-60.653607
4063150,40.774691,-73.971719
2069782,42.367723,-71.058239
3681166,41.876031,-87.623487
3007904,49.492029,8.46298
2214228,43.075283,-5.4566
2731524,51.48042,-0.00575
2807773,51.169495,6.868772
4455088,34.085107,-118.360701
3184777,41.827554,13.307189
3921864,35.004971,25.581064
2005355,44.938845,4.890557
3031158,28.372314,-81.549067
3841069,40.737667,-73.996498
546966,54.519649,18.53647
4225053,52.260333,0.743833
2166910,39.936833,32.847166
1790488,47.919448,25.499439
2740424,51.060844,-1.31263
3698919,61.216387,-149.865875
2307223,51.479244,-0.29294
4513780,40.444603,-79.943132
971099,33.457547,-112.069745
2428047,37.609,-122.495167
1507973,52.010516,4.358911
3746138,25.141399,121.530933
901184,38.061,-78.492333
2412863,40.627861,22.951426
1073195,41.403611,2.174305
3713406,45.474464,-75.515915
3898514,42.655882,13.603005
4096691,56.5728,-3.618367
2426704,50.2622,-5.100166
2704051,36.542764,-6.280328
1648704,46.141961,-122.937698
953306,45.872112,6.464982
3597534,-29.346045,-50.927317
780003,40.727254,-73.982738
1642844,40.758923,-73.979111
287900,35.736027,139.63855
1397613,37.163383,-93.262763
41011,29.97765,31.131906
628830,44.823258,20.448201
455214,-26.691829,153.06398
1239987,38.94192,121.582946
184731,42.33966,-89.049217
1073582,-33.933056,19.083222
1682145,49.199786,16.613945
3531578,44.730949,5.54122
854818,52.862342,0.627164
2547981,34.063312,-118.358003
2371915,37.988265,23.730254
4514096,60.396897,25.661315
4038646,13.031794,80.238734
1413495,-25.432878,-49.275956
2547750,50.630476,5.571827
3574866,30.463748,-87.319979
1921303,51.535,-0.122167
4277628,31.857001,-106.518464
2263026,50.824528,4.34152
3985432,50.512771,14.165453
876736,35.055469,-80.871477
3916168,26.1538,-81.770617
570309,50.090052,14.400297
2089004,41.891767,-87.605752
3727995,41.666115,15.665302
2234598,35.770611,140.384588
3232000,50.648644,-2.381672
3411029,39.751663,21.474502
3395034,22.194891,113.542976
1507601,45.389537,-75.707505
671738,23.495995,120.480194
1271835,52.516064,13.377227
608685,42.695557,-8.939437
1935433,44.203773,-69.275364
815924,24.177668,121.271753
2838472,19.049178,72.854719
73657,26.548147,-80.105288
3936668,34.517306,69.129924
868261,39.886327,4.259347
2233271,48.38624,-4.487872
172395,39.853093,-104.674301
41148,35.094033,-106.646926
450978,59.468988,16.323645
641064,21.16008,79.057617
2867617,46.052051,14.50625
4069601,-34.589693,-58.39508
2922282,27.970852,-82.451689
389479,35.704321,139.398243
2218788,44.937706,-123.026275
1343471,33.606041,131.192636
3924594,43.325427,-83.729553
1912179,51.842162,-1.363609
4531651,51.512113,-0.130086
4000192,30.544558,-97.623052
3453105,33.694351,-78.883724
4144349,48.859943,2.395448
376350,40.451853,-3.691534
3825977,49.253786,-123.101291
180892,32.899839,-80.035829
813219,41.786865,-87.592055
2389656,38.726058,-9.150734
2040025,21.80732,-79.983901
2245744,16.185187,104.111045
770212,33.780449,-84.404692
107616,51.233621,-0.57558
1421280,36.621314,-117.126102
3989731,54.560417,-1.305559
68858,47.37663,8.539745
2090049,43.768666,11.256833
4239010,37.434317,-118.748881
4560179,-37.825565,144.983181
2622960,41.902074,12.46639
4001961,43.566026,-5.966262
1689588,53.591158,-105.873553
889730,39.746711,-104.994964
2697279,49.075053,1.533333
4586097,51.89625,-3.29075
2776112,51.508109,-0.128054
839823,37.778655,-122.389711
2181258,45.646208,0.187454
4310110,-36.82716,-73.05101
446606,42.282365,-85.572241
3290721,51.806533,-0.132655
3362045,53.800188,-1.548031
115060,41.008483,28.979712
423319,61.104107,-94.060134
3535209,49.478302,0.15737
2470397,35.027336,-114.30877
3129351,42.433692,-8.646669
116742,44.158717,10.563526
2333668,-14.058574,-75.75056
2671411,37.803672,-122.419989
4329390,55.943035,-3.276543
1595414,14.604016,101.475088
1162630,33.658924,-117.845492
1147733,22.277977,114.184341
957516,51.455564,-2.599714
3777899,63.910208,-19.188308
3666056,44.391843,128.136806
3360041,36.0955,140.098666
1523717,47.103725,-119.985036
2671269,41.235333,-74.4725
2433843,10.492184,-66.867679
3373863,41.368451,2.153401
3582715,43.990344,7.915821
2540273,-37.846515,145.422404
3379250,35.698327,139.773001
2390112,18.603055,-68.707122
696413,33.988971,-81.07328
3002931,53.697139,-2.7109
4690136,58.455995,-134.54338
2987769,-33.894192,151.273713
4580239,37.733086,-122.501678
3133720,40.198746,-85.405826
2254622,37.615863,-122.388081
3392234,52.862833,5.6875
2202533,-33.532884,151.309127
2729701,53.79259,-3.031754
2287541,-33.389599,148.005065
913818,34.076238,-118.473397
1218514,38.959392,-95.265483
151301,28.987364,-13.638582
114643,50.878925,4.704638
2021424,50.894966,4.341413
4284353,34.77716,32.434078
4177863,44.976009,-110.700798
4129458,34.669141,135.501094
47120,41.830601,12.468066
1970278,37.801333,-122.4585
4646717,40.804194,0.576095
206945,53.576556,-0.666131
3511753,-9.6522,33.464355
3082812,43.204166,27.926333
4515248,25.084478,-77.318987
1139530,43.523954,-5.611342
2532106,-20.311084,-40.314095
4341821,51.524871,-0.133273
435155,35.66179,139.729871
3543941,49.687588,18.329172
3383411,39.73757,-104.947575
2058137,30.440626,-98.156404
2429444,51.902419,-2.083282
1327548,45.768959,-89.531364
1458264,32.069451,34.77256
1458458,40.34602,-1.108589
185558,-16.499697,-68.123511
1962211,46.751153,6.498413
2104612,51.512535,-0.035619
2523259,52.335653,1.59748
1950533,43.093833,-0.716167
32909,25.306709,83.010635
3065376,48.856918,2.341209
1859810,42.64142,18.108773
357925,41.703541,-86.245781
3561595,37.788605,-122.401779
3681081,40.2833,73.2667
312668,41.414116,2.152267
702981,28.734354,-81.348825
2672154,47.209328,7.534915
25562,27.532629,89.64569
3819758,50.429408,-104.599285
4131734,37.013333,-121.502333
585921,38.914828,-6.338682
501319,42.306229,-72.598265
1261768,39.859401,-4.025645
4430485,-28.1003,153.427591
295276,50.116402,-122.950068
1677640,51.86397,5.317447
1990815,-34.196433,18.450357
3290403,34.425885,-119.719476
347142,43.7455,-79.407833
4053134,45.481265,-73.622303
1028302,37.751884,-122.201013
882270,44.990473,7.105652
3975609,50.921703,-0.316886
478671,40.723132,-73.999314
3797282,51.497218,3.616122
3497951,53.189784,-2.89627
1146918,48.826659,2.287216
3561799,43.696377,7.271028
635809,35.1903,25.7168
545008,45.452725,-79.016997
723706,43.702629,7.285652
2736335,41.198499,-76.003667
1572607,41.834659,-87.646202
2539518,43.080517,-79.068818
4215227,45.325832,-123.942001
563160,51.833894,12.319793
440022,39.767167,-86.159833
2651540,53.21734,6.568365
1904924,54.254545,-0.955639
1528830,47.58631,-120.659408
1923075,48.548091,-123.00971
4356289,60.189625,24.825213
4374584,38.940051,-94.282951
2269491,60.169428,24.9523
2664490,-21.118772,55.502586
4441189,-33.999481,141.857543
1470621,51.509833,-0.134834
155804,51.209195,3.224229
4641156,32.780888,-79.931631
1442126,57.570429,39.844686
869734,51.072678,2.66192
88243,51.319287,-1.129574
2655787,35.558391,139.692407
2555132,-41.475338,173.931255
4691281,42.095061,2.378196
1554142,43.668306,-79.39888
1685108,40.432212,-3.663328
2395743,50.407478,-3.657503
1986481,37.251111,-121.916112
927711,62.471009,-114.409132
1880237,45.366491,-71.870348
2642397,1.339737,103.706216
283729,33.957985,-83.378376
3873614,38.898147,-77.023
3232846,45.523562,-122.682201
4483119,20.657359,-103.446049
4677289,56.123978,-3.939113
3318607,33.48336,44.1986
670753,49.253608,-2.097531
803707,51.5405,-0.145834
2502704,47.997483,-123.598992
2127823,38.559615,-121.425899
2384014,35.679051,51.421508
255986,17.969997,102.609901
1012851,36.111666,-115.173
3796977,36.074413,-79.797577
3127265,27.104366,77.663726
1847854,40.580883,-111.644375
115737,3.147104,101.695997
3274337,43.5525,7.020802
2930782,40.657347,-111.474001
3661635,-7.934795,113.00949
3506740,52.508948,13.374694
3203993,41.822893,-71.412431
2752656,43.135284,77.073512
3151783,45.938735,13.61721
4055192,53.010062,18.603179
4667416,1.254149,103.819127
1771451,48.77853,9.177447
1819198,28.219836,99.316933
827449,37.167819,-108.473328
2032747,50.079078,14.433219
2139304,40.729571,-73.990302
4540884,40.70405,-74.013712
4134130,40.167658,-105.121114
405875,40.61182,-75.380455
3345457,30.229143,-97.793662
2044190,45.818411,-64.577667
2277293,34.839832,136.54039
4298740,42.696436,-123.902609
4612491,36.463409,25.376649
2404379,41.522113,-90.572737
2489113,41.382721,2.175325
76550,5.402742,-55.266723
4031056,39.167634,-86.5239
2523297,57.048387,9.920235
3477526,6.362131,99.858942
4128282,45.049344,22.946172
1921239,41.377907,2.144608
1355267,43.635516,-72.409536
4050073,30.173847,78.313022
4655103,37.033117,-3.314094
1012318,38.023251,-87.540848
94180,33.215658,-97.146284
1311018,44.878874,15.602583
4491325,41.122814,16.85852
2738549,43.9175,5.201333
2667030,54.99224,-2.454328
1286059,50.455479,3.949376
3543963,40.558286,-106.851482
1827816,35.173597,-5.263481
1662946,28.418731,-81.581291
426131,48.174528,11.545042
3388765,61.052968,11.063232
1508166,38.87943,-77.110957
854273,47.459317,8.095207
1024058,49.267328,-123.252868
2015303,46.077082,13.224009
1164282,39.641091,19.924391
3171781,32.3105,-90.197167
3320429,43.292479,5.376605
3047650,-23.91547,31.470539
2039554,35.641673,-121.165466
898280,53.50931,8.475308
4116754,43.622593,-84.736518
1660908,27.796964,-97.390086
2081769,36.159836,-86.779804
2176604,25.040651,121.549247
3634886,24.851997,79.922169
1197998,41.888942,-87.619102
1656073,53.612707,-6.639862
884440,41.091966,-80.287442
1136647,20.96735,-89.623053
118741,38.006388,-3.376858
3121373,42.963301,-85.673018
4182600,51.06044,-0.13293
951921,45.512286,-73.562307
10274,36.601472,-121.893138
4469875,41.914285,12.48064
414635,13.736972,100.562126
77849,36.69941,137.840598
3436453,25.088272,121.827369
2177098,18.315418,-78.243255
2689769,51.456577,-0.964038
2297801,34.976775,-109.793565
553188,42.346199,-71.097427
4273567,42.174599,-87.914051
3065798,48.680094,-123.445644
2550738,30.595739,-103.922923
4130335,40.407336,-3.694742
471044,22.356108,103.860454
829561,39.580389,-84.761774
942018,47.178833,3.022098
1243177,38.790548,-121.26004
3377215,49.017471,2.5564
3913573,51.283232,-0.778656
2450144,39.575167,2.650258
1507564,22.411249,114.153541
1542275,18.529096,73.855075
1864120,49.019387,12.09853
2177127,40.419426,-3.717219
962773,35.042542,-78.962818
2220245,44.305881,8.476595
1564694,55.740061,-3.976793
3776570,31.192239,29.889869
3759560,52.686502,-1.839737
2053980,43.066144,141.362486
2147108,42.270799,-71.802928
2312638,-41.036576,173.017671
3736275,34.790633,-84.161806
3563871,45.431361,12.361657
4659706,34.711313,-86.668012
2353238,51.744356,-1.22858
714946,60.53415,-161.15055
4574539,52.518832,13.375425
1107671,48.860373,2.352157
1760624,35.627076,-79.763081
2042076,40.414077,-3.681589
574582,29.558525,-98.596177
520267,39.819216,-77.244186
2028835,36.155496,-84.441239
1042824,36.899802,27.250099
1687601,51.508101,0.030663
4654586,1.451622,103.778708
247796,36.187766,-115.161437
2376846,41.890305,12.492613
2601994,44.298083,-70.997428
3801151,52.235105,-117.211448
2273418,43.650492,-79.358947
2211869,40.107093,65.045413
2058878,34.686439,135.161361
4236802,35.631336,139.71562
3883150,42.878731,-8.54496
2801645,51.516267,-0.130548
2055186,37.792225,-122.421555
4591703,49.698306,-123.157032
4684279,19.435919,-99.147555
4184190,46.209358,-74.565238
3380109,52.073696,4.694209
4623391,54.07193,-2.158813
4661880,-33.90253,151.12851
3400078,28.970883,-82.416354
1671107,51.344673,12.380851
3965354,-31.957842,115.846109
1097814,53.570648,-113.453217
1401160,40.483757,-88.992469
1689558,37.450555,-106.889723
3692512,35.911116,-79.042983
1163487,51.083522,-2.220954
1749771,41.865359,-87.61646
2570181,50.829482,-0.323688
839940,34.927002,-101.707391
3459535,41.878787,-87.637091
2439886,48.838553,2.329597
4308948,49.044211,2.057533
4188084,54.021587,9.375801
149469,45.13339,10.024187
2694605,55.979177,-3.176422
25180,34.926024,137.252368
751736,50.29219,2.776708
2697189,41.589512,12.799587
1529685,29.20378,-81.068925
1520779,52.053334,-2.422485
791306,49.889389,-97.144035
4279103,50.049244,8.56882
1734496,50.868752,-0.735917
4017155,27.32938,-82.534103
4677967,40.612038,-122.38232
4367832,22.30726,114.172114
1552294,51.765869,10.65524
71688,38.069505,-81.085002
3944503,30.322618,-81.637859
343039,50.895779,4.484481
3334882,62.24266,25.74719
4454393,36.141333,139.379833
3913869,35.123278,129.02893
4463921,39.165338,-106.879978
1573541,60.701026,27.561046
1290336,36.753327,139.602756
3675778,40.741339,-73.989604
3274540,36.611118,-118.583679
145402,-7.740582,110.37352
2495049,-34.722285,150.67646
440687,38.117406,20.681784
659773,28.357286,-81.559995
2037264,16.032945,108.206405
681052,24.795013,120.991616
1272620,-1.398901,29.657936
2650408,-39.279041,-72.226524
772103,40.750524,-73.968179
3280360,18.905271,-99.204451
872744,51.061438,-3.114366
97599,59.322402,18.070079
2769593,51.496641,-0.175137
1384999,51.980741,5.904541
2369480,-37.467569,-72.356815
2782355,-33.422,-70.608
4293127,51.520833,8.5325
1297653,52.480421,-1.900441
3789806,37.390473,-122.077052
4587206,45.274101,-123.091077
633116,35.137657,-89.998545
4293703,51.155469,-2.591613
403920,46.469255,17.034502
3751926,39.938698,116.394653
4247610,51.510298,-0.309907
645129,37.773868,-122.411981
1691574,51.932451,-1.724606
1051851,37.922669,58.390274
4637219,51.054047,13.73969
4482531,48.019324,106.743164
3862938,33.302968,-111.842408
632778,43.47166,11.8972
1577204,51.5512,-0.183469
3895920,51.105374,-114.160863
4292872,1.305667,103.784
3231663,41.790768,14.164123
1198913,36.71718,-4.430108
3548930,44.94486,-93.101427
456705,45.904864,8.97731
803975,43.109967,12.390145
705593,-37.552743,143.839187
1887088,-24.958533,31.602773
1581796,49.27155,-123.13426
2475928,48.395366,15.581496
1241309,34.8445,-82.391167
1462303,40.075592,-75.194849
311848,24.989792,32.881393
3043260,40.035697,116.308307
2229284,47.435432,-94.99865
4322755,40.556464,-3.641982
3031918,41.561988,-81.385406
2334533,49.872491,8.662692
4076168,38.545052,-121.751765
2865940,69.235284,19.346837
1031663,50.356745,4.832514
4513842,40.075359,-2.130801
2337686,21.130856,-86.769332
2376580,48.211215,16.365734
4145973,40.274333,18.195667
2356136,-33.794234,151.287145
4396907,41.898691,-87.624185
1830894,39.830002,-98.580002
1631846,42.443962,-76.501884
3932139,16.864512,-99.90897
3529396,39.764016,-84.162912
1810410,42.519624,-90.70615
3663539,53.076767,8.81053
3892676,44.79889,8.250389
3824144,51.590136,-3.329694
2187194,45.053183,13.893461
1634356,39.991851,-0.040168
1255432,33.457805,-88.791933
264396,38.651868,0.067806
240826,44.782962,0.487046
2645925,-37.869619,145.005841
3226641,51.508535,-0.11027
355,21.0217,-101.270256
4112614,54.322805,13.536486
713224,33.788171,-84.374806
4134533,41.386811,2.169777
2710057,35.058283,-85.307449
3997975,57.478122,-4.224286
3142978,38.761872,-90.641753
52272,48.852354,2.350548
221412,5.941765,116.102828
2845144,42.350012,-71.139221
4225373,40.768518,-73.963526
2196727,37.724991,-105.507279
2603138,1.536785,110.358009
1126014,35.528734,139.39127
2550931,-17.896421,25.355072
376910,45.703406,9.662524
4460021,35.658827,139.699355
3614503,45.502391,-122.426083
1283825,52.203166,0.119666
3460013,50.923434,11.569215
3785428,14.178853,-16.851396
2126885,51.065366,-1.797575
268437,38.992162,-1.860787
3164996,55.859645,-4.252013
1051334,43.462386,-3.791642
4577228,16.779018,120.787685
3605950,52.324428,85.811462
3347632,36.843356,-4.090413
3110838,33.775562,-84.293804
2541449,34.128005,-83.892768
2192315,41.106777,-3.592529
4173738,42.626833,-73.186834
16683,64.142813,-21.925621
4169143,37.774166,-122.431112
3106278,43.895913,-103.419971
1835880,-0.225026,-78.51374
2785194,35.904166,139.621333
1631350,41.653301,-0.887274
2697376,42.681833,9.303666
384231,35.482799,138.750717
2497453,27.775541,-15.604534
3838103,39.961267,-83.00077
1284113,-23.218305,-44.718958
4276583,38.816973,-111.207475
3229618,47.020413,28.827241
3625233,39.022666,125.74831
3171225,37.321233,-122.03051
2390301,28.525066,77.155125
2650207,52.516972,6.094336
3025781,48.865618,2.312622
468385,50.010448,8.250673
399345,20.591606,-100.410106
890366,46.004116,8.952484
4668369,36.0,118.55
3383418,39.092727,-84.490975
3093454,54.996386,-3.768567
2778679,39.117333,-104.838999
3011551,45.891441,8.524188
484934,40.76396,-73.973111
4093528,-18.635835,15.704956
2478127,-42.792377,-64.958038
2245372,37.971819,23.723927
2912720,7.938875,98.432132
3920627,-33.858334,151.2105
3704816,-30.034343,-51.221797
1759356,-34.639139,-58.362743
4213643,47.974333,-4.072667
1918413,49.241,-122.9675
2701973,38.792167,-77.0685
2639349,22.619953,120.294885
1644250,35.975505,-75.661725
4599832,-38.681757,143.391494
98224,-34.414769,-58.582105
2576993,53.20149,5.798141
164105,42.691977,23.329274
2062413,43.008605,-7.559248
4013973,41.493069,-81.695709
2674900,40.3966,-3.774104
697113,47.208461,-1.562815
1757437,26.207814,-98.20316
2412870,51.52546,-0.088169
3451898,44.407542,8.936004
644991,60.449884,22.273106
1469589,41.544333,-83.645001
3241942,44.242616,-74.295129
3477038,39.211939,-76.842992
2787218,41.715391,-91.588693
4230244,46.288596,-96.115844
1866099,53.34804,-1.747587
3512612,39.906855,116.391595
1359880,-33.978001,22.964333
4312456,37.743723,-119.573973
2603344,43.641246,-79.389781
4576064,59.429816,13.462243
3383541,37.810877,-122.477125
483434,36.266559,-112.789249
4145014,42.530833,-71.130667
3575959,36.171909,-115.139968
4392749,38.647712,-90.309848
1307056,29.427029,-98.488215
592020,35.299295,136.256217
450637,49.253499,4.033023
4029210,45.300369,-75.923595
611280,-27.457748,153.193725
1157212,46.194923,6.768264
70908,40.475974,-3.687307
321690,59.293679,18.090276
4047384,-43.712805,170.171699
3621124,-23.945826,-46.328004
1227583,37.021897,22.137923
4665737,42.34111,-3.69982
4592781,40.744833,-73.9965
1818571,-54.802515,-68.310115
254523,51.10977,17.032799
2268190,51.149955,21.970167
29764,38.729313,-120.882225
2963910,53.486638,-7.704098
342258,57.762798,33.002929
2082436,41.558628,1.492193
2027456,37.790251,-122.44812
292918,51.24773,-0.331853
774284,35.169861,136.906911
3959056,53.249963,-9.144487
4531113,42.986065,-81.257007
3428429,48.24228,-70.202981
2080806,30.669497,104.061708
2892476,35.716315,139.772275
3390109,37.557438,126.984443
3653936,35.681282,139.714422
1595382,38.604605,-90.248072
4418773,54.486207,-0.614376
493568,-24.784708,-65.412769
4415853,51.898338,-8.472769
742075,45.511414,-122.594364
3000334,37.422389,-122.084664
1900548,-33.947329,151.170217
1820034,30.26787,-97.741712
2042120,36.972558,-122.025833
2292554,45.600362,8.753517
200990,59.453048,26.02777
418816,22.211399,114.026928
2140935,10.141931,38.80371
3705840,35.284443,25.459527
4018213,37.693601,-97.352256
1781747,48.873829,2.295037
3809683,33.434494,-111.93835
370657,52.328835,4.890836
609777,52.526248,13.367614
488432,51.482051,11.959176
295206,-27.470829,153.022856
2728258,47.952541,0.208053
1077438,42.598318,-5.570631
1659604,33.988125,-118.471623
3678639,30.247056,120.135498
1425865,28.272133,83.948364
1091266,22.28125,114.155594
98665,45.784559,4.869561
1749227,19.421308,-99.180536
561751,-20.22459,57.528491
1823373,45.811602,9.084223
1416656,40.42908,-3.705149
569917,51.514591,-0.108489
1660963,51.50201,-0.140193
4378607,61.862706,28.901596
481262,36.132,-115.152
4464583,-33.711203,150.314254
983034,-12.972442,-38.512573
112874,51.523046,-0.107824
715527,1.30517,103.853314
3728045,-8.026584,-34.891226
2457724,1.28186,103.843417
3483200,38.776435,-7.420578
1593332,43.615268,-96.784993
1783941,60.194747,24.949189
3366992,49.596546,11.009995
901061,35.470333,-86.048667
4694266,36.130318,-97.091073
2432811,37.466138,140.094909
1062341,38.902327,-77.063567
83451,51.552653,-0.071132
3859386,12.145822,-86.176071
4231672,51.524679,-0.157713
2344448,42.498412,-96.378754
2951780,48.861016,2.336096
316820,25.041377,121.52121
2647737,18.318051,-64.613363
3889434,39.005445,-74.861469
4306884,22.5453,120.560375
2864003,47.59152,-122.33139
1095671,35.334593,25.12968
4557032,40.470277,-90.689198
1497098,20.033394,75.17358
4395163,40.482046,-3.363747
1149309,36.445102,28.22511
4262931,-22.93978,-43.195967
1573109,50.732299,7.101689
4145717,51.309825,9.493024
320010,42.549024,-83.165603
3287144,22.042367,121.544151
3950681,-33.923562,18.425788
2547826,41.906277,12.453972
4575442,52.506313,13.391086
926486,-7.665612,35.752902
1245262,50.716722,-1.963988
1462515,50.546531,-3.500068
663712,46.774129,23.576574
483490,50.439796,5.967464
1046721,42.454874,1.881408
595196,48.767674,-113.717508
845839,43.130849,5.936189
1272361,47.499169,19.043641
2977347,51.500528,-0.126176
3367259,48.80513,2.118455
246338,37.25315,-112.968635
2412483,45.52637,-73.953695
3610236,31.232765,121.469049
1603578,46.379052,7.631308
1979904,-15.813395,-69.697265
2013755,39.933863,-86.091934
1926183,45.46308,-121.559257
876489,54.326297,10.142773
1954072,48.647271,-2.028994
1790355,-6.089833,39.262534
4119513,50.893413,3.628525
3150042,47.959273,-121.58326
4612203,65.568064,-17.033228
3481806,36.063844,-112.11462
3374345,49.214121,-124.025344
3047463,51.523333,7.4817
4686236,35.278417,-120.66533
694570,45.505474,-73.524155
336064,34.2315,-119.101167
209894,40.587909,-111.97438
828204,52.270626,4.545722
2337405,-1.264977,36.792215
1216500,12.052415,102.296447
3324665,43.281069,6.582497
3859083,31.773599,35.224998
3687967,39.648418,-74.296814
434538,39.271168,-121.055731
1647100,51.437717,5.480568
3997698,41.966166,-87.692834
3500005,39.455662,-0.351433
3298895,38.334362,-122.377914
2232300,50.947991,6.981983
294908,46.914561,-121.642856
3118768,53.662003,-1.834459
2406389,51.515045,-0.208868
1949851,35.714182,10.581207
3318459,52.192584,-1.703428
3764919,52.261472,-7.135963
2789460,36.232089,138.447818
4233129,19.805596,-70.707321
393553,40.00053,3.909931
658322,36.543018,-121.932857
2524176,35.6718,139.767036
3935334,42.568181,12.413896
1560520,4.515105,101.383161
3981902,35.691792,139.700775
4579399,56.889382,12.5644
1975912,53.479002,-2.239596
2572590,28.410547,-14.014031
287965,60.170778,24.936271
3246532,42.921674,10.525245
309904,35.912593,-79.072659
3504331,19.333199,-99.179892
774155,52.634788,-1.133093
1169916,54.658343,-5.672721
3011113,46.833187,9.508323
4505546,15.433659,73.867607
1778491,65.013664,25.473582
1485328,35.591929,-82.55097
3436825,51.512995,-0.138809
4117540,45.618309,9.284713
2837372,-6.241654,106.804559
4513712,22.25525,113.906271
1013219,38.371943,22.250146
3119260,10.776255,106.611601
4050412,40.447045,-3.733806
2069012,33.945727,-118.403992
1982566,-45.054848,168.821239
3900154,51.100584,4.379425
1389716,38.988877,-79.36738
1880003,31.94984,35.92237
4284982,47.609677,-122.34007
2701322,53.227618,-0.543136
3970489,40.742168,-73.988027
351507,53.612214,-1.535425
864636,43.530131,-7.069015
3737091,51.506391,-0.085487
8799,46.00662,7.754802
3543202,46.198188,-1.199306
230910,28.102777,-15.456945
3549047,40.418956,-3.694834
949088,40.316086,-3.794301
4620735,42.83863,-88.743181
2376787,52.401711,4.599022
3678141,41.928882,-87.703535
2962348,36.126367,-5.451965
1036444,13.748952,100.491095
1638329,57.353024,-5.552768
542769,-7.263922,112.746504
2425336,37.794602,-122.408001
1569650,44.222813,3.808135
4653005,38.768372,-9.094276
584240,48.636198,-1.51165
3690579,-27.689722,152.654728
1372295,46.87,-113.995556
3756826,36.244303,-121.77702
26454,45.477947,9.173583
3113088,37.176876,-3.589911
2765323,27.505473,-82.635769
231096,55.871217,-4.292221
3359136,43.950066,4.807215
2667755,37.933335,-122.075608
2908081,35.358886,-117.881755
3580367,34.883636,-76.906099
3332143,44.81187,20.464139
4117072,52.265885,10.531307
1769522,38.408167,-82.436
2674955,-7.963017,112.616322
3756458,60.390451,5.328712
3662491,40.726478,-74.005923
2785216,49.792229,9.937348
408671,52.519243,13.404082
540820,25.022306,121.449394
884535,35.316245,139.544563
2916705,44.475921,-73.213226
190096,46.612952,7.940711
4437497,47.565928,-122.38821
1630153,40.574407,-73.978586
2306710,46.048812,6.691532
4669538,30.504725,-98.818717
3571644,52.128456,-106.66175
4410296,51.476384,-0.305299
4387770,57.23408,-6.141453
351093,-26.718013,-49.065628
4099113,42.984118,-72.551908
1553616,41.60359,-93.635236
1713117,47.758478,-122.313359
1329045,50.113244,8.678812
4550919,43.753662,0.305641
899114,38.755653,-75.145682
3798656,53.164166,-1.48472
2441604,57.699755,11.966125
4087745,58.01328,24.718149
1078990,43.648118,-79.424285
1852283,55.731339,37.843823
4400492,37.752968,-122.446555
4612460,53.305057,12.745953
2681019,42.38558,18.92717
4142703,41.066227,-73.840306
2601282,37.97615,23.73641
3347679,40.747802,-73.531433
3998267,37.385742,-5.993095
3534286,57.932943,19.161014
2093675,40.221485,-74.01266
2535282,50.444729,30.522015
3007763,43.036333,-89.367333
1126578,41.92361,-70.072431
233408,38.555805,-28.446837
4071422,29.984797,-82.762327
537165,-34.621095,-58.479366
22884,45.880269,10.841789
3976352,35.688666,139.6895
2991145,20.119641,99.868811
4153451,32.764325,-117.226009
665895,44.18285,12.288422
4209940,9.730714,123.947753
2815500,28.647812,77.216377
3838251,36.016337,-114.737391
3822890,54.369033,-2.111949
3893326,45.650199,-74.939048
1695994,37.879473,-4.779567
3098782,51.68856,6.025121
1134498,1.293487,103.846528
1302475,51.433945,-0.214147
382191,40.416649,-3.704055
1515863,42.259802,3.121005
2545687,31.511176,-9.766588
3140652,46.885186,17.96904
441108,61.496082,23.766818
3045529,58.970902,5.733693
3427295,50.471709,2.717227
721744,-16.666473,-49.255828
4427701,38.096696,-122.851551
4411582,39.113146,-3.75595
3737757,52.522096,13.412708
235681,45.029634,9.686508
2052971,44.641017,10.908737
4612074,37.921789,29.123253
102509,46.414635,6.927695
2207496,40.769004,-73.974498
3686309,24.451759,118.077793
2904272,39.330529,-123.801755
3205503,39.042,-94.582167
1661165,43.341944,-86.280162
2080976,51.053541,3.724558
2106034,35.700374,139.570913
4544114,48.662566,-120.872611
2987839,51.729261,-2.465701
2171423,35.302215,-88.638607
1950001,44.56699,-123.266258
1007763,43.625055,-116.241007
508102,37.785442,-122.430438
1598153,40.420299,-3.70577
4399727,32.838902,-83.626868
4358456,51.659332,0.087987
3128631,45.531441,-73.575842
2972114,42.216091,-78.276
1646831,42.401666,-71.126667
1892939,35.731566,139.714886
2661621,49.357781,-123.101291
3502868,-37.815501,144.964556
1616087,43.443945,13.49018
4373555,53.990918,-111.281461
2976320,-8.362333,115.07801
2114733,52.50688,13.335278
4106190,40.676276,-119.34122
1356183,-37.993727,-57.555313
1220658,52.379371,4.899044
2837063,49.302667,8.640605
559990,43.054496,-76.082374
3107106,25.055063,121.54375
2006459,50.788696,12.902348
3656112,55.236609,-6.496095
2889937,50.850025,5.698578
1577076,17.491976,-88.186998
1585068,4.645487,-74.077892
1726251,32.302509,-95.32088
1992960,57.063166,-3.064
4454261,30.304724,35.440521
680008,1.356169,103.987033
2980087,50.240439,1.611471
3418212,45.467271,7.878511
40524,47.267963,12.766338
1925210,-22.717969,-45.565681
1014675,51.604478,5.148897
1321948,51.530339,-0.124454
511895,-32.875172,151.713235
804369,38.85174,0.018239
3986060,55.388333,10.3935
1658899,35.015555,24.778888
247076,52.69664,5.219106
1781814,45.523354,-92.74199
1884286,41.488914,-71.320538
52624,53.037394,4.78446
4681192,37.39435,-121.97341
4662279,48.405645,2.715125
870535,42.382823,-71.097969
2450230,30.375105,-97.752678
2060393,49.841994,24.030811
1289809,50.82177,-1.70391
905526,38.792965,-9.393514
1721185,35.657122,139.749544
3252429,44.086788,-121.305656
3344892,53.248628,-0.035405
2621156,44.5391,-110.717
4143233,52.093587,0.130462
3264585,51.452602,0.247814
4399286,52.667215,-8.621928
905641,52.071944,17.008611
234253,38.625839,-90.189599
4061217,-23.518545,-51.67016
4469098,35.828739,127.144088
1630630,52.253027,21.020278
2407282,50.691401,15.746669
3345639,37.07473,-94.626295
2949521,35.042365,34.032897
3588615,-25.641526,-54.492187
1040429,38.711985,-9.130368
3638342,45.591158,25.35799
3915719,-29.609799,30.871582
3920509,51.416166,-116.245167
2286695,40.676472,-73.992104
2659571,42.78948,-73.794994
409005,52.369288,4.925115
3391831,33.9217,35.8876
1362954,51.493515,-0.098962
1380817,36.09844,-115.173054
2898539,40.726044,-73.995393
3728033,41.97727,-87.9044
233773,-23.558875,-46.659734
1531843,42.26162,8.823952
585983,44.431573,-80.656471
4321336,45.495638,10.610733
942188,53.381181,-1.47
4195321,43.646122,-79.468231
2090873,43.773185,11.255592
3234563,42.088409,-71.261245
3928523,-33.761773,150.809283
4549214,19.266748,-99.728908
272910,40.720298,-73.962128
1176745,42.083652,-73.919985
3610653,50.294548,7.317752
1671162,41.480933,-82.688684
3678554,31.235261,121.497116
389449,31.306715,121.453857
2333873,50.264338,3.32333
907143,41.30486,2.057404
374844,44.444634,1.432482
477293,29.957862,-90.0664
941167,53.550022,9.991341
3594631,43.317949,-1.981712
3166438,45.798588,6.931171
2376134,41.395088,2.161607
2810246,40.76,-74.002667
1818787,48.141441,11.596423
2075326,41.419286,2.219367
315795,41.425669,-73.968157
219290,37.808665,-122.266244
88716,40.314744,-114.746532
2533774,24.95439,121.550502
700947,22.753071,120.329518
466930,55.412601,-1.70351
3490465,42.640533,-71.401015
4203201,52.212666,0.186833
3808014,51.540836,-0.01296
2166785,37.417541,-122.025318
2082839,11.969471,108.461151
680151,43.882304,11.094818
3289368,40.154783,-83.120584
3699728,51.591629,-0.057163
4536358,27.935213,-82.764354
987118,41.504704,-5.74307
610888,38.829946,-104.79927
1327102,52.373005,4.900074
2972574,38.321853,-76.459715
3309720,32.748914,-97.328052
3727025,50.853333,1.716666
3603594,45.588755,11.524786
1032163,44.132502,9.687586
2089322,47.441261,-122.296112
3300778,45.217103,12.272789
3943194,51.50578,-0.17356
1897136,43.602399,1.441553
3505788,48.146896,8.55144
4139794,51.476944,-0.159445
1222764,49.891316,-95.187435
690131,43.050333,-2.1725
531535,41.893971,12.482603
2433154,-34.60852,-58.373538
1732789,38.754043,-9.171089
4227885,25.082504,121.564653
1601379,40.243203,-80.476472
1209228,46.662161,11.153697
2875701,47.657055,-117.383508
1679582,45.072688,38.963919
939131,-20.80508,-50.174518
2684503,47.252556,-122.452068
123037,-27.6287,151.9374
4321209,39.333522,-76.631256
3215029,51.534056,-0.047464
4138968,37.414396,-122.077116
2089023,45.681327,12.247506
2635994,-33.870736,151.205896
1966,-22.055096,45.285644
3671357,52.452282,13.304245
1433937,50.072455,19.798564
33935,1.305619,103.83154
2089101,16.746276,-92.631225
1405098,39.050151,-0.493629
306800,46.826302,-111.710304
1916851,43.128081,-77.613644
690663,40.744704,-73.982577
2103048,40.572892,-73.986396
1802805,48.873,2.330833
1622316,55.719919,8.607476
941305,54.579225,-3.170928
362410,33.1575,130.397833
1498829,40.716005,-73.997726
2836688,42.733608,-84.547943
1304114,52.360101,4.879388
3629508,40.186676,44.546854
255643,51.225881,6.772191
1598012,32.232115,-110.951743
2501140,10.09867,-84.375
4595806,42.789734,-4.847022
3327132,11.56854,104.921107
2379368,41.565,-87.1755
2970137,59.93386,30.301322
2749386,-30.819133,152.535295
2658518,51.972725,5.655152
1216960,60.227938,25.063515
3315402,37.762166,-122.395501
1296491,35.114599,33.362849
2984153,6.256698,-75.565541
4186214,64.839159,-147.774953
3289188,43.132599,-90.061411
655327,37.332019,-121.889999
434745,38.918818,-77.442626
4084921,56.4506,-5.7657
1321797,-41.288303,174.778618
2973483,45.504793,-73.55575
476116,48.80745,2.474163
2477329,54.084367,-1.573448
3155650,43.649491,-79.372572
3999447,55.93824,-3.049392
1643218,50.637096,3.065164
3345967,45.541885,10.213301
844922,43.652829,-79.398021
1249946,51.520179,-0.096457
3415989,42.812954,-1.645331
4657342,34.389275,132.442245
455292,52.564195,13.299465
4293267,37.3249,-122.209
659469,38.016254,-122.528892
344460,43.856068,18.42081
2059202,28.486067,-82.545325
3761175,52.308544,4.76047
3334542,-43.530896,172.63181
660216,47.533056,-122.307872
4153893,52.585861,-2.128616
4346485,58.112895,-5.119972
721323,40.49187,-121.445059
3965368,37.715059,-122.442104
3558818,41.147767,-8.613281
2068512,46.130958,11.062202
4675235,44.425995,-78.140516
618633,14.133763,121.207947
4067310,41.096946,20.74768
250684,43.725403,-79.822926
1955955,58.376237,26.722247
3586482,47.603833,-122.331
144529,25.803159,-80.195083
4526349,49.451052,11.077888
694875,51.408458,-0.300697
1239062,52.400638,0.26449
3850057,51.443522,0.034332
57545,67.6493,24.924116
3575335,58.206354,8.08834
3532267,38.711609,-9.141826
2998437,36.739571,-5.165526
508902,25.044392,102.706203
3665935,38.97761,-76.48982
2732222,39.357166,-74.440334
2109944,38.319115,140.881795
2707629,-41.494595,-72.308842
1287438,42.251265,-70.922691
4346692,40.760494,-73.958213
3248124,38.576684,-121.493698
3613057,36.090161,-94.159494
2930879,37.770572,-122.448331
991266,51.8243,-4.959931
543699,35.975453,-79.995596
3702821,35.672652,-83.52537
492025,45.068428,7.682833
2021396,54.705383,20.553874
526291,-31.311112,148.951111
2189172,47.660365,-122.309106
798849,-8.727587,115.167566
2948055,46.098531,-81.399679
2420785,52.828906,13.689651
1295094,47.597177,-2.968371
82443,53.834625,-1.779828
1917868,40.459862,-3.599524
1540797,48.895731,2.387874
3506474,-37.552382,-61.852752
603036,35.684071,139.75914
4198720,25.042247,121.506777
4548138,51.915116,4.474718
465277,43.687333,-79.599667
3561473,44.115209,15.226621
2746110,45.559376,-73.556385
517217,61.498416,21.781339
2137043,35.162323,26.18926
1319167,59.445075,18.544921
1735658,37.757188,-25.524467
1922388,41.9027,-87.693343
2552326,46.19417,-119.095869
1184062,34.017113,-118.287559
2422242,43.022125,-88.279953
4366853,37.543255,-77.45301
1835305,39.798154,-89.652289
3878987,43.965268,11.528434
345838,47.8015,13.044167
651638,-6.898569,107.612607
2242718,4.175395,73.507289
2994227,42.499756,-87.955255
1065310,29.686737,-95.405518
115239,38.914544,-77.035446
4195397,-34.061856,151.062322
2556546,45.440139,10.993537
1975094,37.769637,-122.486819
1943916,39.905956,-79.46125
3486259,30.521307,114.209747
3447953,30.197811,-97.60778
1783991,43.675181,4.627819
4026667,51.503934,-0.15575
1166517,40.258568,-7.215528
2363491,-12.123717,-77.029491
602348,37.7955,-122.3937
557224,-19.279073,146.810603
1723333,23.602,58.543833
3194968,42.103708,-80.028357
1959018,54.055118,-2.805697
3641314,53.470647,-2.299934
3055717,39.952759,-75.142439
3433801,33.429972,126.558551
2956813,51.506472,-0.192561
1655087,41.703357,2.854728
188802,52.386922,4.869475
3608871,14.611451,-90.597798
1352280,44.392334,-68.23471
2195904,47.586427,13.017575
546581,21.865959,108.735122
566321,59.863382,10.422549
1560080,52.050644,8.551627
2197630,18.552724,73.454589
191189,51.512334,-0.159194
2326924,51.389378,30.104598
2316823,52.398857,13.045578
3629307,25.171465,110.32711
1012103,41.947167,-87.654667
303930,38.888778,-77.008559
1615495,10.777219,106.695485
2313176,46.182504,7.240762
4517014,59.437612,24.745545
1833469,29.932901,-90.120549
2133014,40.747618,-74.0053
24873,33.700412,-118.049705
643591,44.312333,-94.230852
69822,45.020641,28.448066
3852171,40.146191,9.317511
3134175,37.281701,127.109069
2489759,43.92618,2.055387
3915716,51.500333,-0.052834
43064,45.253138,19.840782
608280,37.862487,-121.930475
3771298,-41.776944,146.230087
4673611,47.4915,-121.7275
663782,37.789833,-122.390334
3862602,-4.635627,55.463104
1821429,-25.1673,26.985837
1648571,36.779333,-80.2475
2244625,51.508208,-0.076131
1590597,-24.312215,-47.632598
3213918,40.762422,-73.984014
4327990,35.672236,139.79948
585137,23.573247,119.575919
1716314,40.647325,-73.780358
2036351,44.390501,-79.685795
3451020,45.45108,9.225077
2932791,39.527389,-119.813407
3473512,45.448002,9.15878
2900151,-15.786843,-47.89009
1004328,-37.766508,145.136947
293263,-33.943343,115.690659
2441194,-34.920704,-57.955112
130128,46.443771,9.939193
1166364,42.333066,-83.051088
1864368,40.719827,-74.004861
2768831,55.671824,-1.806821
94341,30.322359,-86.136631
4249733,41.165215,-7.603569
4376779,51.333185,-0.494384
4134437,40.841614,-73.107458
3889129,52.542971,13.412675
3322811,50.836665,4.383244
2784654,37.777465,-122.510819
2877524,39.932314,-105.123646
1577289,-31.39015,-64.203338
3449531,51.482051,-3.180284
2380093,53.283317,-2.076115
3188706,41.754497,-74.13263
107092,45.816141,8.821012
1132216,36.310162,-81.937987
3439582,25.015987,121.531963
2569380,-34.174316,-59.0625
4059888,52.080785,4.31238
117979,40.706368,-74.001631
4555384,59.39714,17.94509
3870672,34.102035,-118.336112
481202,51.521055,-0.142091
1617619,44.633512,33.956229
3912047,47.670625,-122.385404
2603831,31.235286,-4.715938
483492,42.851522,-76.982617
4172875,42.188666,-84.379834
21893,24.707022,121.773882
1273839,39.330448,23.14606
1954938,53.678726,7.380098
1737343,33.825934,-116.542968
1740929,51.449587,-0.314521
4632501,33.842716,-85.833885
3350785,14.564199,120.993163
1583504,51.546808,-0.476918
3155560,43.87454,-79.432482
214192,12.573664,99.94915
3752338,43.843368,10.502725
3240686,51.534625,9.938024
3870744,43.654956,-79.381628
905846,35.622698,139.775276
436252,29.26874,-103.336232
194599,1.314791,103.919193
4604812,49.664072,-125.227661
3519,34.201553,-118.500552
1672546,35.671976,139.741176
3228988,50.794285,-1.096551
4208607,45.518822,-73.584166
725504,52.3918,-1.529481
2351061,41.988333,-87.665167
739108,40.004229,-83.017587
2674638,33.545368,-117.781532
3329985,-13.163768,-72.544671
3027163,36.122159,-115.17031
1279926,20.255916,105.990257
991246,1.365579,103.827713
457827,45.997602,1.4379
2897404,21.341099,95.490891
2284888,46.893255,-124.046884
2047992,54.789687,8.83496
4276364,47.958232,-122.222396
4381240,52.990507,-1.888897
2655591,41.608126,1.830425
1376176,41.3833,2.1833
1347351,52.357885,-1.231327
3959474,-33.883456,151.201647
1433691,34.701772,135.496132
2635103,22.528871,114.04024
4468944,30.456435,-84.280426
4163641,50.727151,-2.939529
1302765,46.40677,6.212699
3247453,51.50632,-0.12714
4546822,37.933998,-122.311996
717247,-42.727721,171.475639
3428599,52.833936,-1.372175
3142274,40.750833,-73.993434
2937854,48.477359,-122.417606
1194973,50.658971,4.497957
885476,45.499303,-73.573668
2356865,41.018829,28.969058
3314012,52.701354,-2.756195
1671170,48.135943,16.482024
4142052,-18.913208,-48.236417
138814,39.345565,-84.266408
2727165,-35.818069,137.333908
2941659,27.176392,78.031511
2287649,49.97946,36.225514
2334841,37.426905,-122.168966
2027476,41.665025,9.201092
1996709,-25.468383,30.981788
2769022,50.823234,-0.138444
282725,39.47475,-6.369602
308436,-23.128047,-44.197311
4663618,9.03745,-83.603706
393411,52.224738,6.894541
36231,14.601026,121.055109
2741016,22.664709,120.305786
3312974,46.852971,-120.502853
3178983,43.368011,-8.402137
3139883,38.674873,-120.016343
1937509,-16.812231,145.684922
2518474,33.070593,-96.789876
3859019,21.034438,105.842456
751320,24.4854,120.805144
3701082,51.518144,-0.119475
4005520,40.731295,-73.999239
2905836,43.807722,12.845588
4227188,38.886239,-76.829066
345193,45.522811,-122.672481
1545243,31.154792,-81.416931
1013561,48.361039,11.78318
2454153,-36.713912,147.310009
4598493,0.592821,33.076486
3233718,20.682711,-88.567808
4321428,40.948075,-4.116439
1426118,45.27469,-75.708761
1712526,48.582739,7.750339
1601560,20.219918,-87.436466
2656203,43.026815,-87.919034
1384569,45.883022,-84.635275
1052918,37.000984,-86.430553
2796694,-39.483772,176.914901
4515875,43.698697,7.120395
1204351,32.400123,-99.768608
4166080,34.050526,-5.014743
1212729,41.763437,-72.673401
3966916,10.036833,105.788166
976973,48.801853,9.80887
3206533,40.126113,140.835114
3280433,57.151611,-3.759456
1343237,40.800361,-74.572105
53793,43.5709,11.394217
2879844,54.595798,-5.934939
708548,22.770379,-102.578165
2237808,51.488698,-0.125838
1777590,78.229041,15.589838
3226797,33.884261,-112.126342
2418672,45.89878,6.128829
3633255,36.11544,-115.198081
2445712,30.095812,31.344273
2780657,50.87569,0.587382
4546510,40.739453,-74.034268
4253770,31.442632,-109.915294
3256572,52.35,4.916666
3170287,40.722307,-73.987351
3428517,-12.056444,-77.042999
1360815,45.562351,-122.672245
4313016,67.37099,14.578342
18302,-34.57556,-58.434895
1175867,51.515306,-0.142216
1771459,51.524833,46.007
2187654,36.416583,25.432138
3461300,38.284667,-79.8215
896996,18.457791,-66.104221
303721,44.4955,11.345333
1984798,51.403099,-0.340369
1875951,30.04599,31.23619
601418,45.925065,6.872677
159769,13.729379,100.518379
2492053,40.625711,-74.07772
2029947,47.591759,19.386513
3720293,44.976407,-93.266624
4451864,52.519666,13.397833
21971,53.61975,10.035495
835501,51.495265,-0.145869
724979,52.91356,-4.098758
819570,43.332763,-2.615904
3170565,19.4319,-99.13285
2376068,37.608871,15.097627
3814396,-12.559422,-41.397686
1251624,43.259997,-2.923903
2025447,35.60815,139.5775
229036,25.161289,121.707143
3950506,44.334822,9.218988
4473338,49.423815,32.081966
1462616,28.447549,-81.46212
3211197,41.375584,2.175325
2045065,50.706661,-1.521888
438409,32.600047,-85.490455
1189817,30.671641,-81.465275
809882,53.389266,-2.609467
2642077,41.884151,-87.632408
170735,35.913158,14.443867
4065403,51.028571,4.482539
736473,36.862827,-2.440042
1314314,40.505936,-74.417018
1991540,43.852602,6.167793
4152562,55.752018,37.60972
3793126,40.769118,-119.220027
557586,25.314667,51.429833
3404000,50.726574,-3.52836
1308963,43.375732,-114.282875
2861014,-22.716953,-47.347941
3322013,56.153923,10.199722
3550731,-16.404388,-71.530094
2950215,44.861885,-93.350677
537215,38.944703,-119.980734
4000219,42.4415,-71.376167
1695312,50.289339,117.421875
3199466,37.969398,-107.731021
4328372,50.627632,-1.180343
1028849,41.390944,2.178543
3817607,48.83519,2.378003
542818,36.488148,101.565691
1273194,39.504106,-106.143894
3775000,27.996761,-81.870262
1316079,53.274657,-6.124491
3674786,35.008491,-116.367591
727046,52.516,13.391
4499728,26.562372,-81.946947
2396245,51.075333,-4.186667
3857957,13.755684,100.505075
1761701,13.412587,103.865175
1769617,40.558657,8.318763
1102013,56.878612,14.812316
2834974,37.784087,-122.402908
3731531,43.782001,11.2242
1186410,51.55957,-0.107073
2408623,50.841394,-0.146598
1509353,40.764998,-111.845439
2973713,2.194986,102.248383
3938673,51.512,-0.122
4346286,40.015444,-105.277251
2567123,22.800964,113.262153
2990529,33.500992,-86.793161
2793480,41.308116,-72.927589
3662286,23.134361,-82.369995
1751752,41.117722,-75.023263
1614525,45.532741,-122.89032
3006709,42.846551,-2.672306
2484251,-34.177,-70.7375
2323134,-38.372333,145.222396
1544974,-33.282467,150.236234
3535266,36.618007,-121.902065
2696719,37.5,-122.4745
3892165,45.439899,12.32254
3679041,-3.141173,35.631161
4161624,41.227522,-111.970113
4416314,36.125617,-80.28219
2364548,53.045436,-2.22335
2289958,39.49348,-76.658882
2945395,41.652032,-4.728444
690396,28.545397,-81.370974
214797,52.635288,1.301802
279411,35.713067,139.800167
221322,41.583269,2.324166
2114001,34.952789,113.494262
595611,7.183609,1.988989
1141590,35.021808,-83.305828
4452331,44.619829,-124.050428
606332,39.73005,-121.839821
1368311,51.503206,-0.119487
2135374,59.25248,10.41238
700559,56.279484,-4.691333
4633292,39.509536,-8.923181
4544502,1.293999,103.853833
714724,37.435885,-121.962404
1221240,5.413465,100.328264
3598398,31.850294,-116.609916
567367,10.584515,-83.525505
2826270,38.935177,-92.338457
3475097,39.957911,-75.202875
1552398,54.298295,-6.370825
1408954,43.98951,-88.555212
2344887,10.948839,108.206855
1466298,43.05506,-87.904915
2981806,51.881153,0.247364
2428311,32.736885,-117.148933
394721,34.853537,-111.773529
3693467,43.544099,-5.664696
3305572,33.509482,-117.622375
2164763,48.149996,11.571006
1884192,52.366166,4.894666
1204298,47.625796,-122.624101
1501259,37.886658,-121.282525
1626191,33.207705,-87.550488
2859929,49.619023,6.142709
3182010,40.806666,-73.959
1659697,51.514838,-0.082719
37927,41.532981,2.081024
196545,45.560172,-122.623836
4135887,53.342823,-6.303956
3372985,45.450399,4.386817
855090,55.964929,-3.209059
1894978,18.484818,-69.900512
1073181,49.732669,13.374314
3584013,41.383047,2.166624
4415657,18.54298,-72.343101
2741488,60.485338,6.750886
2253187,13.825912,100.565156
2623130,28.372946,-16.650681
2331012,42.521695,-70.892264
444086,43.489319,-8.165191
4166264,49.157909,-123.140945
1601894,41.75593,12.291405
2461825,40.69001,-74.045362
2396232,37.39164,25.268726
1164289,41.872436,12.476563
2086964,49.411084,-82.404327
1342392,53.472517,6.197216
2147612,29.75713,-95.369331
2004553,45.557453,9.091165
1353943,50.885708,10.770721
2023729,48.863811,2.323608
1492159,32.785538,-96.795333
2791845,52.506883,13.455333
469272,42.98349,-4.114894
2486644,39.142333,-84.513
1456197,38.211156,-119.013057
1019989,51.5065,-0.117
2216041,43.210258,2.360582
1663242,47.831333,11.335666
2224955,48.234849,16.402587
4405760,48.179364,21.338882
3495110,39.948733,-74.114971
89497,41.954639,-70.677881
3943685,-33.546,-70.583667
556590,45.48994,9.211497
2629795,45.447607,6.97649
165712,55.948959,-3.201355
2785281,46.342676,-72.581992
725191,46.250698,20.154054
282460,47.386379,0.690937
191372,51.5253,-0.079502
860137,25.664505,-100.32114
4303976,35.550384,129.312
2698956,34.9796,135.761458
3117,40.787706,14.363508
4183143,51.461833,-0.111334
1222408,40.738835,-73.983092
3865047,38.94731,-89.36209
4366711,38.321811,-77.488889
4268615,33.744,-116.16398
2286774,54.79956,-7.780749
3487107,52.368262,9.738349
94222,58.409097,15.604169
1027098,51.710916,-0.410184
1390967,41.572113,-87.904787
2675536,40.429812,-86.903421
2033148,-23.534402,-46.635074
593889,39.795974,3.110418
4325905,40.797944,-77.860831
2022928,44.418087,8.915405
4123712,56.795614,53.734817
3627232,44.886845,10.861573
3238103,-12.59335,-69.176959
1739053,37.178297,-122.270742
2900090,-3.117462,-60.020542
1462938,45.887991,11.047182
4327573,47.681411,16.593309
741402,29.817003,-99.571033
2664521,51.915665,-1.152845
1316861,45.625698,-122.671709
858420,37.896702,-122.579803
1772871,-33.033132,-71.595153
984060,42.35873,-71.05737
3428525,53.542,-2.075501
2765096,51.056974,-0.937206
2000609,51.531,-0.074834
4468985,53.242348,10.407168
2820992,41.880761,-87.670023
1742160,43.319323,11.330112
2555825,43.765333,11.248666
3067909,45.801999,-1.047134
3853877,38.896,-77.036834
1139889,40.130853,-75.505514
2212220,39.356869,-82.103491
384983,17.417477,78.475341
4161615,41.900879,12.483301
1228736,39.110012,-84.885581
3671309,40.91898,-74.172028
473806,56.333288,-2.793273
815156,-17.503834,-149.852667
2121138,52.803,-0.386334
1680692,-3.643971,-40.242919
3814594,32.838346,35.180969
2599269,45.529696,-122.661108
4071342,63.064739,28.327689
4678424,24.554389,-81.800453
3605835,51.369958,-0.075316
4674285,51.535563,-0.103122
3024157,-40.952483,175.113658
219035,-24.031413,15.792846
4368306,34.989661,-96.922534
4627641,50.712574,-1.272869
4330044,41.776944,24.763526
4301067,52.009,1.122833
110988,44.801692,10.32732
2191523,44.244353,-76.411027
4358289,41.922528,44.415858
4247402,47.757906,-53.185157
4546701,59.145111,18.20625
410403,47.069507,15.441927
4110441,38.526614,-90.441212
2733979,47.795629,15.999526
143855,15.325247,76.46965
1368562,26.315516,127.756255
4568705,26.136641,119.461502
4505681,-21.314963,-47.754821
524742,47.041351,-122.895812
4187895,35.007666,135.778
339948,49.281937,-123.109928
156483,-32.898704,-68.846372
294873,-6.167833,106.823844
1941653,37.410331,-5.995209
464216,-33.438518,-70.639579
3015124,41.189699,9.308853
2031657,46.229253,6.026
3838912,40.385169,-105.557848
1917356,27.858352,34.279403
3108786,40.964218,-5.663849
919730,20.626332,-87.070233
143751,38.902789,1.417236
1034533,-8.962401,-77.586822
3453773,54.571066,-2.876701
3211546,43.646339,-79.381005
549665,34.048183,133.002916
2679740,-27.693256,114.389648
1699735,60.15997,24.94832
2040638,44.769131,-85.635509
811454,42.33483,-7.865148
3960932,-6.603916,106.807024
3076720,39.104605,-84.514206
2720560,52.762947,13.225524
422048,47.684516,6.810321
3609320,53.529575,-113.650181
3129328,41.553192,-8.407824
1527972,55.032833,-129.5785
974547,-27.13501,-109.37985
1421270,35.510849,24.011821
3649510,38.642684,34.831767
2746890,36.865682,-121.771345
97955,50.956047,5.351114
4511487,42.776848,-0.120976
2873124,50.649787,7.262477
3833399,38.59942,-121.450233
1842143,38.249007,-122.044104
3060626,1.285188,103.861147
1871463,47.229731,6.012508
3149,47.620563,-122.349479
1952045,45.589566,-122.755147
4513845,38.695554,-9.209246
3608774,56.464914,-2.961909
3413247,41.189538,-73.426845
1437630,51.659885,-0.136642
2258917,41.321847,-88.999214
160832,40.73536,-73.990704
3850386,44.526343,-109.065313
627431,9.57244,100.017428
2367566,53.534007,-113.506836
958467,45.33281,9.494547
1738576,41.387788,2.197866
4421683,60.182897,-149.68957
603903,41.07627,-85.140362
4090208,52.423333,5.711333
3393568,29.894085,-81.31299
4520913,43.419288,-2.7251
4239461,38.904008,-76.980443
152694,37.755311,-122.418476
3136137,-8.508287,115.265204
3508316,67.074622,-50.260305
1132618,49.894576,2.30214
524300,42.728919,-84.479536
3031342,48.14739,17.110176
2741963,45.722585,-122.684433
4546907,36.87605,30.708847
1050564,53.74661,-0.338044
4587646,48.37404,10.896377
2173397,50.06072,19.937674
1106883,50.233343,19.025616
4080108,-29.495997,-54.69155
3315096,-32.402211,137.738943
2732194,43.649367,-110.769996
99974,51.610501,0.610513
