2099540,35.642048,-83.056436
2369498,48.61548,101.425781
4325903,38.717866,-9.145222
3261478,43.481013,5.395853
4498133,1.355826,103.735055
2407597,47.205961,-91.35739
4468702,28.100281,-15.705771
2408621,48.427356,-123.364807
1687461,23.021604,120.206909
4622648,33.771834,-84.387745
1224015,33.182225,130.504444
1302536,44.962201,-93.242747
1286340,37.408107,-122.11971
2607620,52.048795,-0.775694
1853124,52.496727,13.450022
2449422,49.571333,11.006667
1900613,18.791023,98.991236
3212687,43.074891,-89.390827
2326548,37.172183,-3.599181
344315,35.35658,-106.337013
148185,-17.810924,25.138993
857869,23.052211,-81.572529
2961565,46.878666,-96.788
4186669,41.508577,-5.097656
2458223,41.439605,-81.672234
565377,41.655302,-0.884077
4249723,20.513775,-87.229385
3165204,-33.870771,151.206164
4214273,36.511697,-117.373578
4505511,45.447358,10.697035
2585525,-32.887667,151.709999
4113690,53.960794,-1.083891
3970624,47.617741,-122.329741
2568205,42.379005,-71.161628
4097524,51.481301,-3.186478
1484138,51.26655,1.110963
3604540,-19.927391,-43.924316
3539481,51.183109,-1.839351
1248633,37.495358,27.526245
4657535,41.387144,2.169671
4462030,52.300291,9.784526
1055877,55.689929,13.064407
4113234,37.257522,127.116966
3705460,42.961667,-85.667833
2724060,14.301812,121.118431
1756602,34.559608,74.320727
8387,-34.921116,138.610381
4209559,53.191983,5.780428
3212542,53.812409,-1.636662
2036062,25.275279,110.275611
931059,35.869577,-97.018718
4676526,51.507744,0.546944
2350641,51.822428,5.634784
2785992,39.288998,-76.617579
508965,43.977282,-103.449625
1646824,53.804,-2.675667
3480297,29.740411,-95.383644
1196942,51.912833,4.483
3573174,44.396412,-79.821767
4066064,45.50991,-73.5681
3537381,36.082054,32.892293
1802860,36.171226,-115.145033
2429867,36.828317,139.375305
489455,56.439579,60.7374
959119,44.841873,34.921417
934782,29.958699,-90.068213
176864,47.374232,11.122262
80214,20.918232,-100.766773
724846,31.229833,121.444333
2533590,45.523878,-122.669928
4047362,40.449984,-79.987227
3842235,32.642609,110.779802
4604285,43.659118,-70.256637
2327196,32.8125,-96.8405
957685,-29.941911,-51.150013
3917239,-34.911836,-56.166229
672832,-13.163789,-72.546056
196645,19.425153,-99.146118
3245482,36.026889,-112.071533
2939483,-37.64306,143.682737
1712647,46.130422,-123.895225
2840401,37.769306,-122.470929
1813993,40.318246,-3.776292
2695358,50.892314,0.535411
2983944,10.488782,-66.80623
3441984,47.79418,13.056027
3982994,44.04028,-74.617252
2637836,34.683475,135.498161
2232800,12.97102,77.558498
2392414,55.752666,37.622166
2821909,40.704773,-74.018733
737622,21.035912,105.83589
2915044,41.034661,-73.865203
1314846,43.070079,-79.063952
220598,37.945813,-122.596735
3799321,44.643437,-123.324408
3029156,46.246875,6.452769
2969086,59.422727,24.763183
791393,44.411221,-68.35762
4210909,44.446752,26.095587
1395525,38.635002,-90.317478
1081821,51.481175,-0.003798
355036,51.505917,-0.076904
1384551,-28.074792,153.422109
745517,-42.812464,147.261632
2886652,40.467119,-3.67424
3072104,33.359853,-111.775245
4622751,57.607267,18.301433
3296792,49.523514,6.232466
382935,39.753261,20.650348
1511960,43.299197,-4.073867
3966242,1.357777,103.986388
4228566,51.940032,-4.31076
2736916,37.377225,-80.09694
3392500,61.222999,-149.868621
3234246,40.78457,-73.966398
4059717,40.104333,-122.046834
2140407,37.616041,-122.407221
2408456,53.26106,-7.530291
1574210,40.806427,14.347232
3473419,52.082881,4.325866
2541800,42.561833,1.888833
4302295,37.781166,-122.44
4111556,-15.796775,-47.908877
3997665,51.484228,-0.61205
4492454,41.588458,1.833381
1040521,47.280044,9.540596
362251,42.279729,-83.747588
3707710,40.713031,-74.007511
4397584,57.419769,-4.491691
3736672,41.143889,-8.608818
3016255,51.243596,-0.591952
3014864,31.629413,-7.988948
329170,44.122268,-121.286745
2334463,48.205913,16.364135
849087,-22.67548,-68.03215
1543418,41.9214,-74.0215
1114185,25.044771,121.529629
4178982,37.564854,126.987533
3292444,39.788833,-86.166334
2919979,35.679089,139.694559
4401568,40.761666,-73.977167
2524015,20.891995,-156.910343
1364009,60.840519,16.472282
2328169,29.841207,31.241855
2002091,41.14182,1.053314
557473,49.893791,-97.143559
920013,39.932182,116.397056
1407410,48.859378,2.290048
4038574,33.491303,-112.019777
1333657,52.397181,13.040771
3651593,-27.215175,152.834702
2105245,45.168483,5.988321
4340432,34.73973,-120.014625
2753937,52.633303,1.294444
908167,34.007475,-118.454496
3906948,51.556048,-0.151491
2954303,51.499232,-0.180416
4331429,36.014393,-114.736747
665396,51.448016,-0.977954
1787523,30.383656,-86.224136
2369,51.797581,-0.004452
4085419,-8.742014,-36.629339
1585057,1.292672,103.849468
1369829,35.603717,139.721664
2235146,59.332168,18.062429
1307036,61.57912,23.963499
3801270,34.098087,-118.324303
4589169,50.63718,3.062809
3754065,52.340347,-1.525168
561013,45.422009,-75.694084
131236,52.514967,13.370876
3098449,24.1091,121.473777
622276,54.27204,13.164196
3589655,44.831328,1.308338
1931145,21.341099,95.490891
886680,39.736267,-104.989321
1147618,-32.938395,-60.636806
3458469,45.439326,12.324986
320851,-31.389705,-64.230988
1105920,54.336244,10.097208
3245515,30.616382,-96.341128
68710,40.756489,-73.986359
1393607,54.604194,-5.953559
3263168,22.622902,120.31008
1934130,54.693281,25.258941
1789147,40.364596,-89.113626
1595732,49.279558,-123.11201
805234,32.782764,-79.987163
3921923,43.641976,3.877401
2471655,50.700753,-3.531373
4383546,37.94941,-121.99142
2531576,-43.213183,172.30957
4411977,52.919238,-1.20541
1606818,50.110277,8.658447
4097257,42.372681,-83.067256
958127,50.824791,-0.138384
1284508,50.844215,4.360447
4540192,47.374157,8.538406
2144465,51.511166,-0.099167
4047211,52.033168,-2.349357
104376,-1.861168,35.719299
4620422,23.120498,113.268924
4126151,49.40155,0.14438
263885,49.89404,-119.498805
2378482,51.517175,-0.131127
3071423,44.906225,-0.582447
1464156,50.763146,5.78679
817389,43.35383,-5.811939
3415155,25.116699,89.583297
276761,39.392411,-106.186981
3076424,51.140155,-0.067634
18996,47.291281,4.931058
3676692,48.59259,-1.96181
1420850,40.73088,-74.000687
2879885,27.719092,85.316905
3984880,45.434313,12.339996
246764,37.796797,-122.414345
3378462,55.950251,-3.194038
1737506,19.856498,102.138519
4658125,33.799579,-117.888977
4129288,37.33275,-121.901196
4149751,51.747697,-0.425033
1573597,49.023911,12.114143
1335659,34.263833,-119.120167
1298775,38.82901,140.794944
4071479,40.758997,-111.848652
2984300,43.697399,7.271516
3326900,39.472141,-0.369372
3768935,51.125936,17.006835
1166825,45.284911,-76.005306
1026060,43.033795,-87.923026
4502666,38.476627,-122.727697
3621049,57.705729,11.975977
3068109,53.324878,-3.122241
2403478,10.778336,106.683769
2613594,22.1957,113.541475
754689,39.477015,-6.37001
2204908,40.718509,-74.458465
2549496,48.626895,-113.708496
3121907,-50.705155,-72.409057
3375538,20.881728,-103.837924
1246766,60.450477,22.274758
282383,69.025909,19.29548
2459004,53.369154,-1.487928
3733791,49.367769,8.539558
1062473,48.860811,2.338821
25073,44.500833,-88.062667
364722,16.851844,-99.904947
3147789,36.365318,25.366058
4359488,37.976685,23.725866
4008039,44.057833,-91.639833
290590,39.037719,-94.644126
2296856,40.857967,-4.025459
4424190,39.958668,-2.049121
1876623,41.016773,28.978779
2311347,-16.312758,-68.444275
1609539,51.21809,4.40894
1350850,43.272333,-1.917333
2105605,25.302974,83.007974
378917,51.52602,-0.079801
855031,52.523206,13.403599
3816346,39.953306,-75.178241
1766640,40.746476,-73.988113
2328077,13.410326,103.868179
4068780,37.787,-122.399833
1509383,53.548971,9.970178
1762442,28.524397,-80.688829
3083761,46.650835,7.686481
4117950,42.379343,-72.542724
394148,39.856583,-4.024434
4163561,46.451104,-117.485046
262984,52.367319,4.893379
2766453,24.144333,120.6735
1413201,40.868547,-124.086456
2492321,35.33374,139.541046
4345206,39.576585,2.669677
3343458,53.474269,-2.241139
3083770,-7.931055,112.958507
4291481,40.72129,-73.993628
2715656,51.500017,3.614614
1128921,40.274978,-74.683438
1983906,36.533518,-121.85045
3835493,35.198991,-80.840728
3165750,56.067219,10.134327
2146948,45.826646,-79.601526
1544259,40.2885,44.9795
4054295,42.76,-76.937492
2164834,50.93255,6.963787
3998875,39.5095,-119.839333
509526,41.810666,-71.408334
2098078,35.794864,-78.711118
317771,45.76146,4.830508
2700566,48.847554,2.388185
2484624,44.44599,-73.174095
2204057,65.040276,25.49652
2171968,47.156075,-122.358984
3408159,13.730046,100.515289
4235546,-20.971858,55.404052
2220801,40.573348,-73.980302
870300,51.209303,3.223457
1819480,-33.707167,150.312833
3218109,43.762333,11.263158
3476540,59.939923,30.314433
4085560,51.457302,-0.307434
4196571,3.211817,101.66748
3243984,43.2585,-79.877667
2101917,38.788077,-75.088634
957931,40.221271,-105.333161
3843041,40.505576,-3.335638
2217000,41.027903,-96.312417
3768362,50.086308,14.422352
4228481,39.822644,8.972568
3664103,41.385486,-72.435307
42689,40.857447,-75.651855
2115593,45.997617,-64.008493
193221,34.116814,-83.161439
1999846,-37.815517,144.970901
4558617,37.543092,-122.300319
3705910,50.711333,-2.017667
1737557,36.098765,-80.238701
4084439,51.416515,-114.454993
2890013,25.182527,55.223749
3413627,37.756485,-122.424852
693459,52.481922,-1.914968
1344949,36.112188,-115.172488
879736,28.426543,77.040407
4604307,38.665407,-109.588794
3547493,41.415084,-73.958673
406770,40.918587,-73.148925
2365070,37.375503,-5.992376
2087811,35.690763,139.773559
1065522,50.449634,30.525974
2626960,42.89553,-71.314384
1799765,30.502666,103.619305
3328164,58.451288,15.485916
1967150,54.969949,-1.6097
4066529,37.418435,-108.097229
1051668,32.715721,-117.161529
2826270,38.935177,-92.338457
2599399,16.045813,108.171386
3637313,52.233122,6.895723
1242380,32.875988,-117.229125
2817530,48.177029,11.551648
189217,45.775844,3.082308
919165,40.260021,-76.882461
2589961,60.37744,5.381015
233767,41.690451,-93.250008
2677435,41.661178,-70.357217
2973330,33.500166,-86.7925
4591189,53.339393,13.048775
1796230,57.233732,9.571838
3412192,64.238402,-21.196403
4379507,51.543879,-0.015707
4473321,44.830065,20.460147
1971822,46.5308,11.82413
667575,24.458833,118.080333
3905598,51.050357,3.723679
362408,18.415873,-66.132352
4638403,35.134518,-89.99015
1573664,37.829039,-122.483139
3399061,40.419883,-3.705954
2360209,59.91737,10.742442
3607195,37.580551,-77.539057
4594947,40.454131,17.364578
279924,30.585908,-91.254501
2364563,53.212001,6.594521
2011986,51.315646,12.002649
3541509,41.900703,12.482845
2721538,51.534857,7.47478
4121982,29.884857,-97.955646
3526906,47.394267,0.665595
3804066,41.880833,-87.627167
1262403,45.904389,13.911802
2821641,51.503,-0.1255
1623225,48.778792,9.180321
4231149,46.815333,23.756303
4285343,48.465224,10.284576
803364,46.817396,-71.213979
2579972,28.398705,-81.540377
921472,10.111514,-84.173126
1117480,35.173705,128.656247
3670447,36.272234,137.318115
4464543,35.012335,135.782647
4215384,-23.555509,-46.662411
652254,33.827788,-116.404384
903924,-22.934202,-43.201657
4361951,41.854919,-88.243423
1683385,-30.816535,152.510232
2609352,39.163637,-84.500387
3416545,31.833086,-105.744438
1722797,43.442021,-96.612074
4526591,43.049635,17.668247
164124,-25.542441,-54.577331
2622348,30.269056,-97.742486
2101025,48.952739,3.013306
3550976,51.448811,-2.583568
2852984,44.499076,11.342203
2395041,44.044984,-123.091109
812973,53.218034,-0.529532
2338573,29.421946,-98.491369
2851716,51.754698,-1.260842
1861915,44.574817,-110.703735
174993,41.966358,-87.693895
4588880,52.590926,-8.87176
2294044,38.624682,-90.184922
1775980,42.355103,-71.068153
4547054,50.869624,-0.734282
3392713,44.410381,8.938859
4112427,36.158857,-86.777744
4351812,38.195965,-0.708274
1769533,55.875797,-4.301653
365815,-26.091244,28.337345
461805,57.916853,-131.170921
4014831,14.976626,-90.571289
2092377,40.669525,-73.976576
2110285,42.752333,-73.6855
2077592,31.970655,35.196092
2672197,40.731909,-73.988842
477365,38.903858,-77.045745
2893835,38.558569,-82.212581
2919713,-36.890999,174.778125
3827658,52.605862,-0.371475
4178536,43.44943,-80.53468
2269847,11.736285,38.453521
4088388,48.358188,11.789274
966961,-35.296388,149.129533
488517,40.695216,-73.66127
3717704,43.257263,-2.927392
941491,37.386526,14.350891
3396384,42.491478,-8.644437
231605,22.296234,114.168226
3084630,53.3443,-6.260747
3211203,-33.946724,18.479803
2299161,50.857854,-1.282482
4102518,52.050458,1.145904
3457588,44.375327,-77.894879
1779761,5.186004,-74.485244
2639310,37.319355,-112.897782
1563,45.072763,7.678528
269374,22.789341,121.168888
3713749,34.391966,132.484688
2857136,42.111125,2.873933
4483303,43.354392,-8.347206
3376413,37.808953,-122.260526
132846,37.772826,-122.419238
1950147,46.749447,15.61891
1203708,36.015226,-93.384733
3502038,46.208348,-74.552879
279342,54.469588,-3.042697
3828077,30.232633,-81.700558
3622266,43.723,10.396333
2361026,48.137348,11.575907
4129828,51.053638,13.74081
201,-33.463039,-70.647941
2663784,52.205352,0.119062
13085,27.848648,-82.554284
553853,36.846,-76.2695
4194587,-0.948471,-78.689849
3924166,45.411873,11.861758
3184189,35.261249,138.806848
2010928,43.659833,-79.390667
3044062,52.100943,-106.59811
1737816,60.176856,24.941239
3268764,45.301783,-85.259256
1033784,38.235294,-85.712574
3740972,48.031809,7.57621
3063305,50.15716,1.627693
3249044,-34.605519,-58.394393
89491,42.231856,-122.721379
1709088,46.055245,10.966587
1932904,44.06477,-71.588888
3631843,43.049447,0.599784
1115090,38.579059,-121.491012
198128,43.055922,141.3547
3613314,45.452514,-122.870492
401195,54.435706,-0.770802
1439635,25.848796,-80.18526
3844606,45.489997,9.18339
2523966,63.419964,10.399761
3704060,40.004221,-83.011992
251704,41.866173,23.319854
1254032,17.068651,-96.715414
4081330,50.349951,-4.84085
3146839,37.726771,-119.572577
3130178,52.391315,5.837345
3476743,40.745769,-74.011555
4299290,51.276145,6.768618
852144,32.221699,-110.926498
180927,45.683158,-121.728515
1606454,53.747686,-0.337577
427302,52.25,21.0
4080914,50.05521,19.93172
2084682,40.414803,-3.688247
3015155,-31.952972,115.855572
3245107,36.973175,-122.025961
1384737,37.762333,-122.398333
2219148,47.640605,-2.953042
172348,47.500728,19.052444
326030,39.351543,-79.397048
